0.000000000000000000e+00 1.000000000000000000e+00 3.900000000000000000e+01 -3.973872058972827404e+02 -1.500000000000000000e+01 6.000521818432952514e+00 4.011092464647976752e-01 -1.399696263081661174e-01 5.410788727729638481e-01 -2.197668777195559642e+00 3.757257972122255865e+02 6.573087592347850432e+02
0.000000000000000000e+00 2.000000000000000000e+00 4.300000000000000000e+01 -4.183918865847884376e+02 -1.600000000000000000e+01 4.303481905542433594e+00 1.791616702405132433e-01 -1.582140016945158267e-01 3.373756719350290423e-01 1.844316559556059332e+01 3.834561641568571417e+02 3.648187875048735123e+02
0.000000000000000000e+00 3.000000000000000000e+00 4.200000000000000000e+01 -4.172771130287475785e+02 -3.700000000000000000e+01 7.558139665508440963e+00 1.170481223392789011e-01 -2.699259962592676088e-01 3.869741185985464682e-01 1.545959614161447604e+01 8.709189331611348734e+02 4.423347738948310166e+02
0.000000000000000000e+00 4.000000000000000000e+00 4.100000000000000000e+01 -4.115272283712740204e+02 -1.400000000000000000e+01 8.127724997872409318e+00 6.105555583702205746e-01 -1.620238865543798257e-01 7.725794449246004003e-01 6.516881040488094357e+01 2.241582563472594813e+02 1.139347955865817994e+03
0.000000000000000000e+00 5.000000000000000000e+00 4.000000000000000000e+01 -3.975045504821291615e+02 -1.300000000000000000e+01 6.270189408365792083e+00 4.064144753344020589e-01 -1.828974139749909578e-01 5.893118893093930444e-01 1.419386394117104011e+01 5.520914994078011659e+02 5.758066489723104269e+02
0.000000000000000000e+00 6.000000000000000000e+00 4.000000000000000000e+01 -4.128766910970076651e+02 -1.200000000000000000e+01 4.579398767665404435e+00 1.792428353336412983e-01 -1.482352286781707384e-01 3.274780640118120645e-01 8.038673350495532333e+00 3.984657670235632736e+02 3.067620514381023895e+02
0.000000000000000000e+00 5.100000000000000000e+01 1.980000000000000000e+02 -5.098599143070829598e+01 -2.800000000000000000e+01 5.880288778983373987e+00 2.205373376958792708e-01 -1.298204967405993115e-01 3.503578344364786101e-01 -7.848425469590818437e-01 5.094625730295030053e+02 5.235142059582477714e+02
0.000000000000000000e+00 5.200000000000000000e+01 1.970000000000000000e+02 -3.320828682647861285e+01 -1.900000000000000000e+01 6.335346827362143607e+00 2.401412140054650091e-01 -1.097664714420309440e-01 3.499076854474959530e-01 9.849428165667156065e+00 4.125344693036255990e+02 7.056202366914899358e+02
0.000000000000000000e+00 5.300000000000000000e+01 1.970000000000000000e+02 -5.139669747767069197e+01 -1.300000000000000000e+01 2.263995150719895211e+00 8.244029335264277392e-02 -9.855134057826867022e-02 1.809916339309114719e-01 2.245012556215504418e+01 2.209455148419083343e+02 1.442745925754889242e+02
0.000000000000000000e+00 6.200000000000000000e+01 1.360000000000000000e+02 -3.976218950669755259e+02 -1.300000000000000000e+01 2.009106311770481490e+00 1.635852022253128923e-01 -8.391323961293564726e-02 2.474984418382485396e-01 1.847146350281453664e+01 1.212796797159722502e+02 2.172510298525218388e+02
0.000000000000000000e+00 6.300000000000000000e+01 1.540000000000000000e+02 -2.233065142776475227e+02 -1.400000000000000000e+01 2.399651385265848536e+00 1.623704770057919078e-01 -1.111080022495942038e-01 2.734784792553860977e-01 9.617283837812520275e-01 1.578733407065496976e+02 2.000750701683864747e+02
0.000000000000000000e+00 6.400000000000000000e+01 1.530000000000000000e+02 -2.341608883759395781e+02 -2.800000000000000000e+01 8.539186215090936116e+00 2.875846344267024013e-01 -1.919361076476124861e-01 4.795207420743149429e-01 1.604066635054390133e+01 7.493296328891965459e+02 7.735878976515045906e+02
0.000000000000000000e+00 6.500000000000000000e+01 1.520000000000000000e+02 -2.358623848562123726e+02 -1.400000000000000000e+01 6.892783610907065928e+00 5.644546951161935056e-01 -1.846261507342719932e-01 7.490808458504655265e-01 3.041439634440484241e+01 5.505162764727141393e+02 6.786194716095153581e+02
0.000000000000000000e+00 9.200000000000000000e+01 2.920000000000000000e+02 -1.030869871025101503e+02 -1.000000000000000000e+01 1.740057313941158368e+00 1.427528909474302388e-01 -7.412570324228361096e-02 2.168785941897138358e-01 3.903951927565038460e+01 1.058867162691979615e+02 1.826766956241842195e+02
1.000000000000000000e+00 2.000000000000000000e+00 2.400000000000000000e+01 -1.461524497411391508e+02 -9.000000000000000000e+00 2.007787381250346836e+00 1.563897051944767025e-01 -9.871187217799939906e-02 2.551015773724760738e-01 7.519922870234487355e+00 1.716682350789832583e+02 1.693670745761569378e+02
1.000000000000000000e+00 2.400000000000000000e+01 1.990000000000000000e+02 2.405794674403956890e+00 -1.400000000000000000e+01 7.201342508316774804e+00 2.678751012447030955e-01 -1.574663421027592269e-01 4.253414433474623779e-01 6.146502532764132098e+01 5.130075220332092840e+02 7.525745729916274058e+02
1.000000000000000000e+00 2.500000000000000000e+01 1.980000000000000000e+02 9.389873638239496501e-01 -3.000000000000000000e+01 5.418546445299755376e+00 1.292417643859659349e-01 -1.120241907804478965e-01 2.412659551664138591e-01 3.267731642285637861e+01 4.395611261450793563e+02 5.173098435849188945e+02
1.000000000000000000e+00 2.600000000000000000e+01 1.970000000000000000e+02 -7.625091164488573270e-01 -3.400000000000000000e+01 5.592619382265077377e+00 2.705923090093881322e-01 -1.341465552159797348e-01 4.047388642253678670e-01 2.087068730115083071e+01 4.155161058154649822e+02 5.343201624871078366e+02
1.000000000000000000e+00 2.700000000000000000e+01 1.960000000000000000e+02 -2.287988719452064501e+00 -3.000000000000000000e+01 6.290930241565457770e+00 3.119671395386955370e-01 -1.485496778947147101e-01 4.605168174334102749e-01 1.017986658355397509e+02 5.812818047222062887e+02 5.528473081950540973e+02
1.000000000000000000e+00 2.800000000000000000e+01 1.950000000000000000e+02 -3.637451445185671872e+00 -3.200000000000000000e+01 5.147978367300616753e+00 1.267500124465513189e-01 -1.026127501361430994e-01 2.293627625826944461e-01 5.307888191624387275e+01 4.051314140363387537e+02 4.763954534049443623e+02
1.000000000000000000e+00 2.900000000000000000e+01 1.940000000000000000e+02 -5.456292510304880494e+00 -2.300000000000000000e+01 2.865363392164455902e+00 1.056551123241216000e-01 -9.079776392597327384e-02 1.964528762500948877e-01 5.278987111364572371e+01 1.831130560831158220e+02 3.142770923948123709e+02
1.000000000000000000e+00 3.000000000000000000e+01 2.070000000000000000e+02 -1.415760109321295204e+02 -1.000000000000000000e+01 1.995731983969515566e+00 1.572252284707066072e-01 -6.206540886903121057e-02 2.192906373397378039e-01 1.735043983220514008e+01 1.413523991255034957e+02 1.981357843411803970e+02
1.000000000000000000e+00 3.100000000000000000e+01 2.070000000000000000e+02 -1.760166465845480843e+02 -1.500000000000000000e+01 1.981626595620194164e+00 1.675620281953041080e-01 -5.895233049976247863e-02 2.265143586950666421e-01 6.826126350537244925e+00 1.397725601294987428e+02 1.916688437390636750e+02
1.000000000000000000e+00 3.200000000000000000e+01 2.060000000000000000e+02 1.150000000000000000e+01 -2.200000000000000000e+01 1.460953770711478938e+01 8.995076087242422913e-01 -2.968939081558950033e-01 1.196401516880137184e+00 7.393398047801819928e+01 1.406666668041598086e+03 1.189204775134006923e+03
1.000000000000000000e+00 3.300000000000000000e+01 2.040000000000000000e+02 9.681158934880791378e+00 -2.000000000000000000e+01 1.749765364097958198e+01 6.382156306137620749e-01 -3.296629719892820720e-01 9.678786026030440359e-01 3.655241234421440311e+01 1.498680250063149970e+03 1.697204707073381087e+03
1.000000000000000000e+00 3.400000000000000000e+01 2.030000000000000000e+02 8.507713086416785586e+00 -1.800000000000000000e+01 7.781281810658126297e+00 2.797203627561829498e-01 -1.458235966341951129e-01 4.255439593903780349e-01 3.406275127502600952e+01 6.382935294231060652e+02 7.469947658788607896e+02
1.000000000000000000e+00 3.500000000000000000e+01 2.020000000000000000e+02 6.336838266758375582e+00 -3.100000000000000000e+01 4.678393064529693390e+00 1.631348945952024454e-01 -9.345592313113178229e-02 2.565908177263342416e-01 7.491528989626941382e+01 3.518077004485759858e+02 5.041339441294124981e+02
1.000000000000000000e+00 3.600000000000000000e+01 2.010000000000000000e+02 5.222064710717569724e+00 -4.600000000000000000e+01 5.658140718794488322e+00 1.218548136291702083e-01 -1.035598516426379651e-01 2.254146652718081734e-01 4.981011713505579053e+01 4.614574602292008194e+02 5.633932298120030282e+02
1.000000000000000000e+00 3.700000000000000000e+01 2.000000000000000000e+02 3.755257400137563373e+00 -3.400000000000000000e+01 4.751799370425133340e+00 1.065217539025979793e-01 -9.534464304576854843e-02 2.018663969483664999e-01 1.456159108227775789e+01 4.283798424965087293e+02 3.997136420473773910e+02
1.000000000000000000e+00 3.800000000000000000e+01 2.080000000000000000e+02 -1.415760109321295204e+02 -1.300000000000000000e+01 2.556577839795224794e+00 2.013727816412601290e-01 -9.310767488342734655e-02 2.944804565246874062e-01 2.337658385230491831e+01 1.627327438994000488e+02 2.397176498748477229e+02
1.000000000000000000e+00 6.800000000000000000e+01 1.750000000000000000e+02 -1.003880616510429320e+02 -3.200000000000000000e+01 4.271907019726458365e+00 1.069096434144281155e-01 -1.148008250447689615e-01 2.217104684591970354e-01 4.749339971301434815e+01 3.576350520973238076e+02 4.084538922620488393e+02
1.000000000000000000e+00 6.900000000000000000e+01 1.730000000000000000e+02 -9.094182257090767507e+01 -7.500000000000000000e+01 5.924059767620241779e+00 1.032380969510991592e-01 -6.333309157835599612e-02 1.665711885294551553e-01 4.219652410079226001e+01 3.348357782268215033e+02 6.884973382587509150e+02
1.000000000000000000e+00 7.000000000000000000e+01 1.490000000000000000e+02 -1.161688321474090912e+01 -1.100000000000000000e+01 1.531221305834736368e+00 1.217145670124847867e-01 -5.647234024112225692e-02 1.781869072536070575e-01 2.414584974398734118e+01 8.218985152083276091e+01 1.415290923359974329e+02
1.000000000000000000e+00 9.800000000000000000e+01 1.260000000000000000e+02 -2.385613103076796051e+02 -1.200000000000000000e+01 2.715187065048878523e+00 2.330744672485762226e-01 -1.157569688287358178e-01 3.488314360773119849e-01 1.433058849318799233e+01 1.846641271920177303e+02 2.697911011724643231e+02
1.000000000000000000e+00 9.900000000000000000e+01 6.400000000000000000e+01 -4.036064688941419263e+02 -1.400000000000000000e+01 2.825462129251860244e+00 2.103708578057281453e-01 -8.440595982907045380e-02 2.947768176347985714e-01 -5.243051831832610254e+00 1.802091190457769017e+02 2.804815359282919758e+02
1.000000000000000000e+00 1.000000000000000000e+02 6.400000000000000000e+01 -5.583253040141211159e+02 -1.200000000000000000e+01 2.878088174113190956e+00 2.315846642863797211e-01 -9.388643160357068584e-02 3.254710958899504347e-01 8.400874597338487959e+00 1.642416337481319317e+02 3.145895707048663326e+02
1.000000000000000000e+00 1.010000000000000000e+02 9.300000000000000000e+01 -2.052941205037250256e+02 -1.500000000000000000e+01 2.881693651899961406e+00 1.792187958566993922e-01 -8.836537031798565034e-02 2.675841661746850009e-01 1.663195865583112365e+01 2.150572008154915409e+02 2.628701426129203469e+02
1.000000000000000000e+00 1.110000000000000000e+02 3.430000000000000000e+02 -5.684169383109115188e+02 -1.100000000000000000e+01 1.554122304826636825e+00 1.355503068441477610e-01 -7.473284355834527992e-02 2.102831504024930409e-01 2.975938912005226911e+01 1.061102535095277233e+02 1.334049880358007272e+02
2.000000000000000000e+00 7.500000000000000000e+01 3.400000000000000000e+01 -4.099430764758475334e+02 -2.700000000000000000e+01 1.796757006777903065e+00 7.623765172690297187e-02 -6.049895407643061940e-02 1.367366058033335774e-01 -9.073633148491870415e+00 1.397650094051589917e+02 1.372142842930420841e+02
2.000000000000000000e+00 7.600000000000000000e+01 3.300000000000000000e+01 -4.158103057181676263e+02 -1.700000000000000000e+01 5.463590630650290159e+00 3.172246441321216470e-01 -1.723580317196295175e-01 4.895826758517511923e-01 7.313922874270479824e+00 3.837262711472989167e+02 5.799218232551676238e+02
2.000000000000000000e+00 7.700000000000000000e+01 3.300000000000000000e+01 -4.205040891120236779e+02 -2.700000000000000000e+01 3.643639284356465780e+00 2.126579853655567176e-01 -1.022530933095498057e-01 3.149110786751064817e-01 1.754574875985537474e+01 2.973285102958748780e+02 3.188983938284479791e+02
2.000000000000000000e+00 7.800000000000000000e+01 5.500000000000000000e+01 -9.915386734468100371e+00 -1.800000000000000000e+01 9.787776453992986347e+00 4.284322784801070094e-01 -2.534895817760005055e-01 6.819218602561075704e-01 3.439795529328314672e+01 8.422355676956716479e+02 8.915799475621722650e+02
2.000000000000000000e+00 7.900000000000000000e+01 5.400000000000000000e+01 -9.680697564775300634e+00 -1.700000000000000000e+01 8.203929719455519631e+00 4.033183573118798715e-01 -2.330640553478032506e-01 6.363824126596830943e-01 1.192795103615228669e+01 8.756873604882354130e+02 5.937420663681043607e+02
2.000000000000000000e+00 8.000000000000000000e+01 6.300000000000000000e+01 -1.513722076013292650e+01 -2.000000000000000000e+01 1.051678067241222614e+01 4.302824170274904825e-01 -2.755452365613680898e-01 7.058276535888585723e-01 3.288925922656515155e+01 9.478171524293686616e+02 9.224516313242670549e+02
2.000000000000000000e+00 8.100000000000000000e+01 6.200000000000000000e+01 -1.437448095863132380e+01 -1.600000000000000000e+01 1.082166913947373210e+01 5.118066174803317381e-01 -2.386542341408232348e-01 7.504608516211549452e-01 6.656893491326562184e+01 7.854021157914577316e+02 1.129063291488291725e+03
2.000000000000000000e+00 8.200000000000000000e+01 6.100000000000000000e+01 -1.384643032682252084e+01 -1.500000000000000000e+01 9.789032310809512083e+00 4.472501679902572413e-01 -1.933094066903308927e-01 6.405595746805882174e-01 3.987589790852207727e+01 7.711662219497422939e+02 9.486082925376106232e+02
2.000000000000000000e+00 8.300000000000000000e+01 6.000000000000000000e+01 -1.308369052532091459e+01 -1.600000000000000000e+01 1.069249525323165884e+01 4.677631778215882719e-01 -2.553225357423044573e-01 7.230857135638927291e-01 5.972169768057143102e+01 9.044347988607241859e+02 1.041928538304845915e+03
2.000000000000000000e+00 8.400000000000000000e+01 5.900000000000000000e+01 -1.255563989351211518e+01 -2.200000000000000000e+01 1.133795673791040493e+01 5.296596020162009921e-01 -2.497486354094291816e-01 7.794082374256301460e-01 4.518801262506278249e+01 8.641237467818802997e+02 1.183604165788871569e+03
2.000000000000000000e+00 8.500000000000000000e+01 5.800000000000000000e+01 -1.167555550716411261e+01 -1.600000000000000000e+01 1.056786798895289614e+01 4.314825680666828922e-01 -2.329716114524566506e-01 6.644541795191396538e-01 5.512513586838444724e+01 8.294144901686890989e+02 1.099082286593072695e+03
2.000000000000000000e+00 8.600000000000000000e+01 5.700000000000000000e+01 -1.132352175262490590e+01 -1.500000000000000000e+01 1.129391019963965448e+01 6.094756446783223813e-01 -2.507226790417732554e-01 8.601983237200955257e-01 2.197680153170988859e+01 8.299004319297454231e+02 1.180534608337354030e+03
2.000000000000000000e+00 8.700000000000000000e+01 5.600000000000000000e+01 -1.061945424354650669e+01 -1.900000000000000000e+01 1.012527796895042620e+01 4.704569932539713895e-01 -2.186177958598493343e-01 6.890747891138206960e-01 2.182139050148629167e+01 8.242183360849683140e+02 9.878735520709883531e+02
2.000000000000000000e+00 2.130000000000000000e+02 2.390000000000000000e+02 -5.643685501337107553e+02 -3.600000000000000000e+01 7.096491352954233278e+00 1.353479172823713050e-01 -1.320937214333955390e-01 2.674416387157668717e-01 5.113180342438433712e+01 5.735469287808870149e+02 6.963599753308286608e+02
2.000000000000000000e+00 2.140000000000000000e+02 2.380000000000000000e+02 -5.618456415595130693e+02 -4.400000000000000000e+01 8.169339797541461223e+00 2.766736300668941606e-01 -1.216426884031721750e-01 3.983163184700663217e-01 1.273673967787102512e+01 5.375618711651285366e+02 9.095209827318336693e+02
2.000000000000000000e+00 2.150000000000000000e+02 2.370000000000000000e+02 -5.594987498625851003e+02 -5.000000000000000000e+01 8.034618903277918278e+00 1.541547907342249446e-01 -1.619169183071222373e-01 3.160717090413472374e-01 4.242626232709790912e+01 6.454263583758346385e+02 7.913323877768353896e+02
2.000000000000000000e+00 2.160000000000000000e+02 2.460000000000000000e+02 -2.836216308886973820e+02 -1.800000000000000000e+01 2.176667409129601438e+00 8.609764414605700078e-02 -7.225544274747640328e-02 1.583530868935334457e-01 4.310716407198476929e+01 1.217805886522352097e+02 2.273689506140203491e+02
2.000000000000000000e+00 2.170000000000000000e+02 2.450000000000000000e+02 -2.831522525493118110e+02 -2.100000000000000000e+01 9.515906492075885126e+00 2.505449012273493481e-01 -2.124665242979461299e-01 4.630114255252955058e-01 3.589762735967214269e+01 5.676048482148995618e+02 7.951901342332124614e+02
2.000000000000000000e+00 2.180000000000000000e+02 2.440000000000000000e+02 -2.678387842268565464e+02 -1.400000000000000000e+01 4.239411489744109751e+00 2.612934332937870696e-01 -6.039378745343993576e-02 3.216872207472269984e-01 2.749657687692259955e+01 1.202149105933452802e+02 6.236602446721452679e+02
2.000000000000000000e+00 2.190000000000000000e+02 2.420000000000000000e+02 -2.660786154541605129e+02 -1.700000000000000000e+01 2.592795371923814152e+00 2.331203594266440526e-01 -8.581644844200096711e-02 3.189368078686449781e-01 5.035085246810323767e+00 1.747723926250188242e+02 2.394156257045337099e+02
2.000000000000000000e+00 2.200000000000000000e+02 2.400000000000000000e+02 -5.659527020291371855e+02 -4.700000000000000000e+01 6.158480707388577891e+00 1.476268296036807315e-01 -9.473708953799132859e-02 2.423639191416721017e-01 9.099347492981375751e+01 4.673983912828190341e+02 6.283203166727454345e+02
2.000000000000000000e+00 2.210000000000000000e+02 2.100000000000000000e+02 -4.196826770180988433e+02 -1.500000000000000000e+01 1.784203757054505735e+00 1.511029226144516846e-01 -8.778414189368860532e-02 2.388870645081402899e-01 1.917183786193366046e+01 1.248704178083612817e+02 1.502918476392025298e+02
2.000000000000000000e+00 2.220000000000000000e+02 2.090000000000000000e+02 -4.195653324332524789e+02 -1.500000000000000000e+01 3.273900961679010901e+00 2.578930009658044753e-01 -9.566126105149595771e-02 3.535542620173004469e-01 1.564473631990724556e+01 2.835913561861176504e+02 2.856078168534883730e+02
2.000000000000000000e+00 2.760000000000000000e+02 1.740000000000000000e+02 -3.246335632925143955e+02 -1.200000000000000000e+01 3.869720563341515707e+00 3.371766923970493934e-01 -1.250058760695880455e-01 4.621825684666374112e-01 1.298115003920556276e+01 3.143451657674455078e+02 3.595181352239500825e+02
2.000000000000000000e+00 2.770000000000000000e+02 1.350000000000000000e+02 -4.202693999423308924e+02 -1.600000000000000000e+01 2.457302759765898958e+00 1.567116876249748658e-01 -6.873026121375090669e-02 2.254419488387257586e-01 2.205329826841984087e+01 2.008442819565480875e+02 2.033276973272749331e+02
2.000000000000000000e+00 2.780000000000000000e+02 1.320000000000000000e+02 -4.565288766598686152e+02 -1.900000000000000000e+01 3.705526447417049951e+00 1.799739245912529984e-01 -7.210335812872792349e-02 2.520772827199809774e-01 3.173720080102541630e+01 2.322396893238610573e+02 3.905218220081594609e+02
2.000000000000000000e+00 2.960000000000000000e+02 1.260000000000000000e+02 -4.215601903756412980e+02 -1.200000000000000000e+01 2.923449509579921113e+00 2.433620539483971612e-01 -7.149070037276515632e-02 3.148527543211623314e-01 2.820778199543112308e+01 1.640309525850121588e+02 3.413613492553267292e+02
2.000000000000000000e+00 2.970000000000000000e+02 1.210000000000000000e+02 -5.707638300078394877e+02 -1.200000000000000000e+01 2.621823401596138137e+00 2.526928059197695586e-01 -6.874863750518893368e-02 3.214414434249585062e-01 2.428913062124411226e+01 1.237043152172576868e+02 3.128322970580898641e+02
2.000000000000000000e+00 2.980000000000000000e+02 1.200000000000000000e+02 -5.671261478776011700e+02 -1.200000000000000000e+01 1.660745509031667178e+00 1.461233813680946347e-01 -6.495882336811220625e-02 2.110822047362068132e-01 1.049167864963637697e+01 9.958277110246551445e+01 1.624733531151012755e+02
2.000000000000000000e+00 2.990000000000000000e+02 7.100000000000000000e+01 -2.047639937064415250e+01 -1.900000000000000000e+01 1.628280587687116920e+01 6.487248058321130051e-01 -3.424934349259796673e-01 9.912182407580927279e-01 1.953870834697150372e+01 1.364325388867075617e+03 1.559634842106115684e+03
2.000000000000000000e+00 3.000000000000000000e+02 7.000000000000000000e+01 -2.000702103125855302e+01 -1.600000000000000000e+01 1.268679649345284943e+01 4.236000896903254764e-01 -2.877465957006481445e-01 7.113466853909736765e-01 2.582272214347670669e+01 1.204349957020689089e+03 1.117991635640638378e+03
2.000000000000000000e+00 3.010000000000000000e+02 6.900000000000000000e+01 -1.912693664491054690e+01 -1.600000000000000000e+01 1.132458684363068180e+01 4.345357560274372699e-01 -2.478666780535067060e-01 6.824024340809439204e-01 1.405242687430084914e+01 1.047673535592335611e+03 9.839839987000888186e+02
2.000000000000000000e+00 3.020000000000000000e+02 6.700000000000000000e+01 -1.789481850402334118e+01 -1.900000000000000000e+01 9.163013586963247192e+00 4.723530826121631332e-01 -2.165340921626389692e-01 6.888871747748021024e-01 2.534220646027907975e+01 5.312935935924689375e+02 1.033523071891473137e+03
2.000000000000000000e+00 3.030000000000000000e+02 6.600000000000000000e+01 -1.689738953282893519e+01 -1.600000000000000000e+01 1.136829556932945096e+01 3.633193773261838566e-01 -2.285567687386400870e-01 5.918761460648240824e-01 8.083078943771665692e+00 9.358274868171621392e+02 1.072768865453899480e+03
2.000000000000000000e+00 3.040000000000000000e+02 6.500000000000000000e+01 -1.666270036313613190e+01 -2.000000000000000000e+01 9.606572826194398118e+00 3.713044853001064571e-01 -2.336987464450936969e-01 6.050032317452002095e-01 3.251948327748578293e+01 8.867678672423961643e+02 8.189775733020970847e+02
2.000000000000000000e+00 3.050000000000000000e+02 6.400000000000000000e+01 -1.601730514648092907e+01 -1.900000000000000000e+01 1.114926217255703378e+01 4.795830910753153264e-01 -2.467412018962973630e-01 7.263242929716127172e-01 4.941492302178859575e+01 1.018511093514049890e+03 1.019834508256417507e+03
2.000000000000000000e+00 3.060000000000000000e+02 7.900000000000000000e+01 -2.558088881146257165e+01 -1.800000000000000000e+01 8.905559635735647461e+00 3.634758835551089029e-01 -2.077382346434915317e-01 5.712141181986004623e-01 4.066622802255999147e-01 7.428329714421037124e+02 8.406574778135058068e+02
2.000000000000000000e+00 3.070000000000000000e+02 7.800000000000000000e+01 -2.505283817965377580e+01 -1.900000000000000000e+01 1.276466200662887651e+01 5.550271484269667654e-01 -2.647901131594427859e-01 8.198172615864096624e-01 3.636466789120483867e+01 1.112911579038830951e+03 1.196696987333807101e+03
2.000000000000000000e+00 3.080000000000000000e+02 7.700000000000000000e+01 -2.446611525542176935e+01 -1.800000000000000000e+01 1.264560841369042876e+01 5.486457121204101339e-01 -2.802590407879811951e-01 8.289047529083913846e-01 8.138082895929265703e+00 1.142452787232142555e+03 1.139072739594581890e+03
2.000000000000000000e+00 3.090000000000000000e+02 7.600000000000000000e+01 -2.352735857665057040e+01 -2.100000000000000000e+01 1.268058236762459856e+01 5.858079101598012706e-01 -2.780921371288650468e-01 8.639000472886662063e-01 1.031734652826133214e+01 1.100520373757662810e+03 1.199319989768375763e+03
2.000000000000000000e+00 3.100000000000000000e+02 7.500000000000000000e+01 -2.282329106757216408e+01 -2.100000000000000000e+01 1.096081176704694471e+01 4.388646416551426621e-01 -2.427363144501389625e-01 6.816009561052815968e-01 -1.473500047402183100e+00 9.520989096069155266e+02 1.029338225914406166e+03
2.000000000000000000e+00 3.110000000000000000e+02 7.400000000000000000e+01 -2.252992960545616086e+01 -1.600000000000000000e+01 1.152644723163290585e+01 4.022048184098228063e-01 -2.674098486004927167e-01 6.696146670103154674e-01 1.976231032594452586e+01 1.033643821514157025e+03 1.031502573640186256e+03
2.000000000000000000e+00 3.120000000000000000e+02 7.300000000000000000e+01 -2.194320668122416151e+01 -1.800000000000000000e+01 1.056673393011082851e+01 4.053198721543578298e-01 -2.267361535993643040e-01 6.320560257537221061e-01 2.222756265542465570e+01 9.791144105446099957e+02 8.975227380081422552e+02
2.000000000000000000e+00 3.130000000000000000e+02 7.200000000000000000e+01 -2.106312229487615184e+01 -1.500000000000000000e+01 1.212258177769564504e+01 4.916950591580632746e-01 -2.599936510015921076e-01 7.516887101596555487e-01 6.881949451957953379e+00 1.067878839430169137e+03 1.120147793054532713e+03
2.000000000000000000e+00 3.140000000000000000e+02 8.600000000000000000e+01 -3.074405054470420140e+01 -1.200000000000000000e+01 8.585313147965234037e+00 3.771309223511358777e-01 -2.326031048698833648e-01 6.097340272210191037e-01 2.174348978779437758e+01 7.029557963793909039e+02 8.326529309226651776e+02
2.000000000000000000e+00 3.150000000000000000e+02 8.500000000000000000e+01 -2.986396615835619883e+01 -1.500000000000000000e+01 1.177484738413357590e+01 5.020618665182159379e-01 -2.815881624203839806e-01 7.836500289385999185e-01 1.883609786204256409e+01 1.015531299570540000e+03 1.112393494213272561e+03
2.000000000000000000e+00 3.160000000000000000e+02 8.400000000000000000e+01 -2.927724323412419238e+01 -1.900000000000000000e+01 1.107191651281621780e+01 3.727296811037785207e-01 -2.786899362057668750e-01 6.514196173095453402e-01 5.741448611802749724e+01 9.818261661287010611e+02 9.970218236045442382e+02
2.000000000000000000e+00 3.170000000000000000e+02 8.300000000000000000e+01 -2.839715884777618982e+01 -1.500000000000000000e+01 1.241948549314132499e+01 5.481239845069407757e-01 -2.795793531718266389e-01 8.277033376787673591e-01 1.166160560017154602e+01 1.089349398338365972e+03 1.148998011460547787e+03
2.000000000000000000e+00 3.180000000000000000e+02 8.200000000000000000e+01 -2.786910821596738685e+01 -2.600000000000000000e+01 1.180147385956954054e+01 4.773431278198383421e-01 -2.425833033972059904e-01 7.199264312170443603e-01 9.793613324213417570e+01 1.057410348991692445e+03 1.097352172922275031e+03
2.000000000000000000e+00 3.190000000000000000e+02 8.100000000000000000e+01 -2.716504070688898054e+01 -2.400000000000000000e+01 1.093520688089872728e+01 4.142702043712070403e-01 -2.443535588960721872e-01 6.586237632672792275e-01 3.760546474549875740e+01 9.757428573319966745e+02 9.927434719929078710e+02
2.000000000000000000e+00 3.200000000000000000e+02 8.000000000000000000e+01 -2.651964549023377771e+01 -2.100000000000000000e+01 9.541050792681026849e+00 3.667851058209000148e-01 -2.049469397597843690e-01 5.717320455806843560e-01 5.063843065341563943e+01 8.611733843236677330e+02 8.658113158817745898e+02
2.000000000000000000e+00 3.970000000000000000e+02 3.030000000000000000e+02 -4.829900805427319028e+02 -2.600000000000000000e+01 4.853043907601005458e+00 1.729012382959992655e-01 -1.117376503173685420e-01 2.846388886133677798e-01 2.427609269970272976e+01 3.538783294698523036e+02 4.813582914014559151e+02
2.000000000000000000e+00 3.980000000000000000e+02 3.030000000000000000e+02 -4.887986374926287567e+02 -3.800000000000000000e+01 7.060112318039896806e+00 2.865937045395198224e-01 -1.231563094542745124e-01 4.097500139937944041e-01 1.480152606509308910e+01 7.817428412265321640e+02 4.608215451705427768e+02
2.000000000000000000e+00 3.990000000000000000e+02 3.020000000000000000e+02 -4.851022830699671431e+02 -3.000000000000000000e+01 3.788410008862443501e+00 1.196186020580014553e-01 -6.812093568212830574e-02 1.877395377401297749e-01 -6.898962690298952793e+01 1.131243409033443044e+02 4.734015034600230933e+02
2.000000000000000000e+00 4.000000000000000000e+02 3.110000000000000000e+02 -4.897373941713999557e+02 -3.000000000000000000e+01 5.659033066551578450e+00 2.787649762708438450e-01 -9.285563917975080128e-02 3.716206154505946602e-01 6.310874426525493242e+00 1.327305265917667327e+02 7.539000409925220083e+02
2.000000000000000000e+00 4.010000000000000000e+02 3.110000000000000000e+02 -4.929056979622528161e+02 -1.100000000000000000e+01 6.609129965813578700e+00 2.559978997085061714e-01 -3.439014404192733410e-01 5.998993401277795678e-01 -1.861689363162778221e+01 9.105228916168407522e+02 2.416177780234660020e+02
2.000000000000000000e+00 4.020000000000000000e+02 3.100000000000000000e+02 -4.892093435395912024e+02 -1.400000000000000000e+01 6.098936706143868847e+00 4.116820913635527157e-01 -1.752869907453682152e-01 5.869690821089208477e-01 2.053715406932253273e+01 4.639545006576026935e+02 5.968042157193698358e+02
2.000000000000000000e+00 4.030000000000000000e+02 3.100000000000000000e+02 -4.929643702546760551e+02 -1.100000000000000000e+01 6.629254871284134154e+00 5.015686843745855716e-01 -2.849476898081163556e-01 7.865163741827020383e-01 1.216890528532461602e+01 5.913000742933680840e+02 5.703052259703651998e+02
2.000000000000000000e+00 4.040000000000000000e+02 3.090000000000000000e+02 -4.890919989547447813e+02 -1.600000000000000000e+01 5.723614297869898060e+00 3.419646167397493164e-01 -1.739534500507467496e-01 5.159180667904960105e-01 3.010195190408843757e+01 4.807422675416165134e+02 5.234348777141378832e+02
2.000000000000000000e+00 4.050000000000000000e+02 3.080000000000000000e+02 -4.886226206153592102e+02 -1.500000000000000000e+01 5.415551861408850698e+00 2.856095970712871357e-01 -1.712551360669049283e-01 4.568647331381920362e-01 5.185896134781208389e+01 4.459355007119877428e+02 4.986833963178506792e+02
2.000000000000000000e+00 4.060000000000000000e+02 3.070000000000000000e+02 -4.880945699835503433e+02 -1.500000000000000000e+01 4.867483440206795464e+00 2.415323620292889883e-01 -1.522509512546577348e-01 3.937833132839466677e-01 2.635451285585216752e+01 3.765661147511665945e+02 5.057665936110847724e+02
2.000000000000000000e+00 4.070000000000000000e+02 3.070000000000000000e+02 -4.957806402909895951e+02 -1.300000000000000000e+01 2.490927310919242466e+00 1.953225969808306817e-01 -9.783998265391795346e-02 2.931625796347486212e-01 -2.787454438058953343e+01 1.333079874941618641e+02 2.435815031822270385e+02
2.000000000000000000e+00 4.080000000000000000e+02 3.060000000000000000e+02 -4.870384687199327232e+02 -1.700000000000000000e+01 7.163971374578504303e+00 3.685489820462906629e-01 -2.074162635011234657e-01 5.759652455474141286e-01 3.406152976811100075e+01 6.246527713447820815e+02 6.466803477552643926e+02
2.000000000000000000e+00 4.090000000000000000e+02 3.060000000000000000e+02 -4.952525896591808419e+02 -1.100000000000000000e+01 1.194774983973264249e+01 6.761837539865215296e-01 -1.894169168670820913e-01 8.656006708536034822e-01 1.646948817365510465e+00 1.024462612255255863e+03 1.142621864118910935e+03
2.000000000000000000e+00 4.100000000000000000e+02 3.050000000000000000e+02 -4.859236951638919777e+02 -1.700000000000000000e+01 5.233029909936473878e+00 1.681127515775478476e-01 -1.255343527822692928e-01 2.936471043598171682e-01 -1.448844230375008735e+01 4.679230625499744747e+02 4.292815705182511579e+02
2.000000000000000000e+00 4.110000000000000000e+02 3.050000000000000000e+02 -4.933750763016383871e+02 -2.900000000000000000e+01 7.559266561056523059e+00 1.594754829824170939e-01 -2.031795772087426066e-01 3.626550601911597282e-01 4.238265266951710686e+01 6.876123272407691047e+02 7.473927997228660161e+02
2.000000000000000000e+00 4.120000000000000000e+02 3.040000000000000000e+02 -4.845155601457351509e+02 -1.100000000000000000e+01 9.040473165415823686e+00 3.019488269659039159e-01 -2.280313275954437280e-01 5.299801545613476161e-01 1.562036505010327758e+01 8.269208867868119341e+02 7.929112478181500592e+02
2.000000000000000000e+00 4.130000000000000000e+02 3.040000000000000000e+02 -4.907348231425943368e+02 -5.000000000000000000e+01 5.373935075579606035e+00 1.495796961418202620e-01 -7.970537454460668858e-02 2.292850706864269228e-01 3.632540003768809100e+01 3.835070238772785274e+02 5.386721984024165977e+02
2.000000000000000000e+00 4.140000000000000000e+02 2.770000000000000000e+02 -5.623150198988987540e+02 -6.900000000000000000e+01 7.684664033956813078e+00 2.016409895246965567e-01 -9.604442611659537443e-02 2.976854156412919727e-01 2.208673334647319564e+01 7.938761732685453580e+02 5.635458165903838790e+02
2.000000000000000000e+00 4.150000000000000000e+02 2.760000000000000000e+02 -5.621976753140522760e+02 -1.100000000000000000e+01 7.732331220058229704e+00 2.708078315013433546e-01 -2.361615070800408001e-01 5.069693385813841546e-01 3.278692292736123193e+01 8.195844473650217878e+02 5.298874757441386691e+02
3.000000000000000000e+00 3.900000000000000000e+01 1.990000000000000000e+02 -5.714678975169179012e+02 -1.400000000000000000e+01 2.706033304427825747e+00 2.197172304470660920e-01 -7.243349071525655158e-02 2.921507211623226019e-01 1.359530715883121488e+01 1.427822038585773328e+02 3.225964817146209498e+02
3.000000000000000000e+00 4.000000000000000000e+01 1.960000000000000000e+02 -3.428806462361296781e+02 -1.700000000000000000e+01 2.317531740850457211e+00 1.506698062749258493e-01 -9.048634979000916290e-02 2.411561560649350122e-01 -2.139728589032658945e-01 1.887237971973235915e+02 1.835007435027268059e+02
3.000000000000000000e+00 4.100000000000000000e+01 1.950000000000000000e+02 -3.415898558028192724e+02 -2.700000000000000000e+01 5.297108396429477395e+00 2.316301353538191832e-01 -1.243120723277220813e-01 3.559422076815413338e-01 1.640068140399542074e+01 3.918771340340281881e+02 5.382101553429957903e+02
3.000000000000000000e+00 4.200000000000000000e+01 1.940000000000000000e+02 -3.401230484922392634e+02 -3.300000000000000000e+01 5.405594033081207783e+00 1.634261915282951838e-01 -1.262906802725309863e-01 2.897168718008261701e-01 6.357479623558030113e+01 4.967988090738801361e+02 4.708157284265118960e+02
3.000000000000000000e+00 4.300000000000000000e+01 1.930000000000000000e+02 -3.387149134740824366e+02 -2.000000000000000000e+01 5.360432837395866734e+00 1.403839043437638268e-01 -1.145970736569744824e-01 2.549809780007382676e-01 2.889867710923805433e+01 4.542024970254870482e+02 4.226606869016843575e+02
3.000000000000000000e+00 4.400000000000000000e+01 1.920000000000000000e+02 -3.371307615786560632e+02 -2.300000000000000000e+01 4.534546977549535285e+00 1.594320829785151050e-01 -7.990509760068525980e-02 2.393371805792003648e-01 1.541363312121167439e+02 3.045393120739083770e+02 4.194403188268697136e+02
3.000000000000000000e+00 4.800000000000000000e+01 1.830000000000000000e+02 -3.248095801697839988e+02 -2.200000000000000000e+01 4.868338345400548661e+00 1.565619209542023771e-01 -8.964924811176007424e-02 2.462111690659624375e-01 3.081692684637559410e+01 3.962062361654159304e+02 4.310123467550424721e+02
3.000000000000000000e+00 4.900000000000000000e+01 1.820000000000000000e+02 -3.232841005667808076e+02 -3.500000000000000000e+01 5.636959421913175561e+00 1.832232892864641138e-01 -1.072087132473546339e-01 2.904320025338187894e-01 2.438271515628257546e+01 4.943579582613260186e+02 4.832557788741349896e+02
3.000000000000000000e+00 5.000000000000000000e+01 1.810000000000000000e+02 -3.221693270107399485e+02 -1.500000000000000000e+01 8.612463087292143271e+00 3.098998011927194818e-01 -2.126938986734774606e-01 5.225936998661969701e-01 4.260286079890888544e+01 6.937707937906036477e+02 7.839158656512219068e+02
3.000000000000000000e+00 5.100000000000000000e+01 1.800000000000000000e+02 -3.208198642850063607e+02 -2.600000000000000000e+01 6.450447039358981449e+00 2.102096872560632324e-01 -1.416041088168253081e-01 3.518137960728885405e-01 1.119835932147994484e+01 5.691895903750222487e+02 5.427448767062086290e+02
3.000000000000000000e+00 5.200000000000000000e+01 1.790000000000000000e+02 -3.208198642850063607e+02 -1.200000000000000000e+01 7.659763998662771911e+00 4.144152679634152681e-01 -2.095942018626225090e-01 6.240094698260377770e-01 2.519374783495479875e+01 9.329291249269008404e+02 4.041056253508281770e+02
3.000000000000000000e+00 5.300000000000000000e+01 1.910000000000000000e+02 -3.357226265604992363e+02 -2.800000000000000000e+01 4.994232991981582437e+00 1.870180877262041241e-01 -1.014489321200928024e-01 2.884670198462969126e-01 4.589605164818318173e+01 3.677782012517471344e+02 5.118636396988031834e+02
3.000000000000000000e+00 5.400000000000000000e+01 1.900000000000000000e+02 -3.344318361271888307e+02 -2.600000000000000000e+01 4.707987725546912472e+00 1.473233836465367708e-01 -8.964877204393414956e-02 2.369721556904709203e-01 4.514821275474329099e+01 2.817539315458220130e+02 5.155241890713263047e+02
3.000000000000000000e+00 5.500000000000000000e+01 1.890000000000000000e+02 -3.327303396469160361e+02 -2.200000000000000000e+01 4.951426469570861855e+00 1.307520842991438947e-01 -9.126213730370302812e-02 2.220142216028469229e-01 1.433839531720772698e+01 3.422113930603666176e+02 5.210313584431168010e+02
3.000000000000000000e+00 5.600000000000000000e+01 1.880000000000000000e+02 -3.311461877514896059e+02 -2.100000000000000000e+01 7.671821582195684108e+00 2.890885913081964742e-01 -1.495886187424293468e-01 4.386772100506258210e-01 2.629227103002776644e+01 6.852221517219251155e+02 6.923035605210205858e+02
3.000000000000000000e+00 5.700000000000000000e+01 1.870000000000000000e+02 -3.302074310727184070e+02 -1.800000000000000000e+01 9.468679315743548486e+00 2.595947800115234183e-01 -2.130887261300787594e-01 4.726835061416022055e-01 2.409838465585077927e+01 8.494705283923941579e+02 8.313800690258342456e+02
3.000000000000000000e+00 5.800000000000000000e+01 1.860000000000000000e+02 -3.313222046287592093e+02 -1.400000000000000000e+01 6.470035250353345369e+00 2.233163078996371620e-01 -2.254278810074312467e-01 4.487441889070684642e-01 9.534620409632577065e+00 8.241519478501544427e+02 3.127419533855663190e+02
3.000000000000000000e+00 5.900000000000000000e+01 1.850000000000000000e+02 -3.276845224985207778e+02 -3.500000000000000000e+01 5.877652849571233240e+00 1.637483162354917976e-01 -1.017375883742710069e-01 2.654859046097627906e-01 3.862010851185601013e+01 4.599199067354864496e+02 5.443510500668410259e+02
3.000000000000000000e+00 6.000000000000000000e+01 1.840000000000000000e+02 -3.257483368485551978e+02 -2.300000000000000000e+01 6.078463523973363536e+00 1.941164090500095696e-01 -1.091598983452566479e-01 3.032763073952661759e-01 3.691721281620696260e+01 5.112402517519661842e+02 5.758044110357861882e+02
3.000000000000000000e+00 6.100000000000000000e+01 1.350000000000000000e+02 -2.995218221353846957e+02 -1.700000000000000000e+01 1.862830624716973693e+00 1.423319601288426106e-01 -6.665610928728428475e-02 2.089880694161269092e-01 7.885708837343343269e+00 1.113260158271692859e+02 1.837111244914371468e+02
3.000000000000000000e+00 6.200000000000000000e+01 1.300000000000000000e+02 -2.188474200534843135e+02 -1.400000000000000000e+01 1.980869398842083795e+00 1.409463960897067158e-01 -7.868240617747290777e-02 2.196288022671795959e-01 1.906410985804311053e+01 1.269035105912777226e+02 1.915853074004787970e+02
3.000000000000000000e+00 6.300000000000000000e+01 1.480000000000000000e+02 -4.959566571682592553e+02 -1.500000000000000000e+01 5.088650639830215816e+00 4.102194303347901916e-01 -1.316327220604205928e-01 5.418521523952107843e-01 1.144631059496516734e+01 3.466119877511383720e+02 5.379436920651558012e+02
3.000000000000000000e+00 6.400000000000000000e+01 1.470000000000000000e+02 -4.962500186303752230e+02 -1.400000000000000000e+01 1.423050203148932935e+00 8.334882915641057821e-02 -5.201412662112067653e-02 1.353629557775312686e-01 -4.596971483285408056e-01 8.437251812234967474e+01 1.333558488549599872e+02
3.000000000000000000e+00 6.500000000000000000e+01 1.520000000000000000e+02 -9.751311932230612456e+01 -1.100000000000000000e+01 1.733846904188611537e+00 1.438968392218942793e-01 -5.859959403014595308e-02 2.024964332520402255e-01 2.249932026078487013e+01 8.524177547213403727e+01 2.027129775369984372e+02
3.000000000000000000e+00 7.000000000000000000e+01 9.800000000000000000e+01 -4.198000216029452645e+02 -2.500000000000000000e+01 4.665343557423153875e+00 1.252153659493628057e-01 -9.406636736762408191e-02 2.192817333169868876e-01 -2.206769977135481611e+02 4.690930666135078013e+02 3.326015995329985344e+02
3.000000000000000000e+00 7.100000000000000000e+01 9.700000000000000000e+01 -4.207387782817164634e+02 -3.100000000000000000e+01 5.482543072032414422e+00 1.432830444891836918e-01 -9.804142228095631684e-02 2.413244667701399948e-01 3.690381910960310563e+01 4.138700162809011545e+02 5.379820743710415627e+02
3.000000000000000000e+00 7.200000000000000000e+01 9.600000000000000000e+01 -4.225576193468356792e+02 -3.200000000000000000e+01 5.289289965736506893e+00 1.347204048607588689e-01 -9.777318508651243467e-02 2.324935899472712897e-01 9.970241312905830711e+00 4.237162134360048071e+02 4.968787259934106828e+02
3.000000000000000000e+00 7.300000000000000000e+01 1.130000000000000000e+02 -4.322972198890868754e+02 -1.200000000000000000e+01 2.162177221032060448e+00 2.069851041406133019e-01 -5.881163488272010686e-02 2.657967390233333949e-01 1.718821233639388169e+01 1.423222762880942867e+02 2.256381931839812296e+02
3.000000000000000000e+00 7.400000000000000000e+01 1.260000000000000000e+02 -1.949091247448185698e+02 -1.300000000000000000e+01 2.813106250335779990e+00 1.203272451141162852e-01 -8.621774808995134876e-02 2.065449932040676617e-01 4.702428579890182192e+01 1.874952570462926076e+02 2.179550169921989777e+02
3.000000000000000000e+00 7.500000000000000000e+01 8.700000000000000000e+01 -4.370496755753661091e+02 -4.400000000000000000e+01 6.752230427650826705e+00 2.745134405076937179e-01 -1.041707585239882716e-01 3.786841990316820450e-01 2.123912866902317376e+01 5.039041567510319055e+02 6.894477523816985922e+02
3.000000000000000000e+00 7.600000000000000000e+01 8.600000000000000000e+01 -4.389271889329085639e+02 -2.800000000000000000e+01 5.354387910456262389e+00 1.333726374367780465e-01 -1.221264786607168251e-01 2.554991160974948716e-01 1.832037178102200770e+01 4.152036598588181846e+02 5.069215076714662587e+02
3.000000000000000000e+00 7.700000000000000000e+01 8.500000000000000000e+01 -4.405700131207581762e+02 -1.500000000000000000e+01 1.481233818058129481e+00 4.976737219336935941e-02 -5.365878535625766277e-02 1.034261575496270152e-01 3.587666303663877443e+01 1.601064505088732801e+02 9.265017618749304518e+01
3.000000000000000000e+00 7.800000000000000000e+01 9.500000000000000000e+01 -4.231443422710676714e+02 -3.000000000000000000e+01 6.511190631528126715e+00 2.064667852943040394e-01 -1.114806049460016907e-01 3.179473902403057162e-01 3.793429673557744763e+01 4.261514754243517018e+02 6.839689089859680280e+02
3.000000000000000000e+00 7.900000000000000000e+01 9.400000000000000000e+01 -4.257845954301116649e+02 -2.200000000000000000e+01 5.445532071650412753e+00 1.590798686539015849e-01 -8.272398045580163506e-02 2.418038491097032061e-01 5.449566927608496769e+01 4.127152734203426121e+02 5.764367368610263611e+02
3.000000000000000000e+00 8.000000000000000000e+01 9.300000000000000000e+01 -4.275447642028076984e+02 -2.800000000000000000e+01 5.742061096959765187e+00 1.353405304974327761e-01 -1.282499169048083865e-01 2.635904474022411348e-01 2.431402769126819408e+01 4.728946889888200644e+02 5.533873502872878589e+02
3.000000000000000000e+00 8.100000000000000000e+01 9.200000000000000000e+01 -4.290702438058108896e+02 -3.300000000000000000e+01 5.177028510006832285e+00 1.333949319539274037e-01 -1.048495395485172094e-01 2.382444715024445714e-01 4.414190758271703174e+01 4.158641005918582891e+02 4.829400058664814424e+02
3.000000000000000000e+00 8.200000000000000000e+01 9.100000000000000000e+01 -4.307130679936605020e+02 -3.100000000000000000e+01 5.329249622344877757e+00 1.523343968930888359e-01 -9.957573881956773010e-02 2.519101357126565799e-01 1.098837729553300946e+01 4.475734781841052268e+02 4.828514487088886540e+02
3.000000000000000000e+00 8.300000000000000000e+01 9.000000000000000000e+01 -4.324145644739332965e+02 -3.400000000000000000e+01 5.437398237104663856e+00 2.092186133542365545e-01 -8.920062200390679874e-02 2.984192353581434087e-01 3.851232331088795746e+01 4.162168726165120916e+02 5.481845589438672732e+02
3.000000000000000000e+00 8.400000000000000000e+01 8.900000000000000000e+01 -4.328839428133189244e+02 -3.400000000000000000e+01 5.359862980011981470e+00 1.012018558206501939e-01 -8.188695227800615872e-02 1.830888080986563804e-01 2.207748009239869802e+01 3.685021700626914480e+02 5.454677220100161321e+02
3.000000000000000000e+00 8.500000000000000000e+01 8.800000000000000000e+01 -4.355828682647861569e+02 -3.000000000000000000e+01 6.851418930032293630e+00 1.717957418308175555e-01 -1.568756258236705114e-01 3.286713676544880669e-01 7.388190705637755151e+00 5.631309041739980330e+02 6.439196655734850765e+02
3.000000000000000000e+00 1.730000000000000000e+02 2.900000000000000000e+02 -4.443837121282661542e+02 -1.200000000000000000e+01 2.582517036214223793e+00 2.149345430961835945e-01 -7.594634800943379782e-02 2.908808911056173785e-01 -2.247614416799672554e+00 1.923251766910731249e+02 2.373339436136017184e+02
4.000000000000000000e+00 3.400000000000000000e+01 2.310000000000000000e+02 -4.741892366792519056e+02 -1.700000000000000000e+01 2.252933643759894355e+00 1.574290383180944886e-01 -8.441348260967856953e-02 2.418425209277730581e-01 3.693204564284150671e+00 1.842709302516426817e+02 1.989647967571943070e+02
4.000000000000000000e+00 3.500000000000000000e+01 2.300000000000000000e+02 -4.741892366792519056e+02 -1.200000000000000000e+01 2.927368876729113278e+00 2.176577450050059814e-01 -9.045199484099253340e-02 3.081097398459984316e-01 3.904134869773970706e+01 2.151690443455651405e+02 2.697255233097897644e+02
4.000000000000000000e+00 3.600000000000000000e+01 2.480000000000000000e+02 -1.652796170711024502e+02 -1.400000000000000000e+01 2.624716550372585111e+00 2.127593747479784581e-01 -8.125414768901050022e-02 2.940135224369889722e-01 2.191438815591079958e+01 1.338034689735554821e+02 2.795710679525944897e+02
4.000000000000000000e+00 3.700000000000000000e+01 2.150000000000000000e+02 -2.946520218642590407e+02 -1.300000000000000000e+01 1.033658455076604454e+01 7.512049084492888884e-01 -2.694116954872712300e-01 1.020616603936559841e+00 9.771788674618790083e+00 8.500907896581346677e+02 9.991833139280907972e+02
4.000000000000000000e+00 3.800000000000000000e+01 2.140000000000000000e+02 -2.945346772794126764e+02 -1.500000000000000000e+01 6.326290488347279251e+00 3.500845082767274352e-01 -2.127704161709936814e-01 5.628549244477212277e-01 1.565862551998493046e+01 5.659746648026932689e+02 5.541087945670067256e+02
4.000000000000000000e+00 3.900000000000000000e+01 2.130000000000000000e+02 -3.066211695185919552e+02 -1.300000000000000000e+01 2.280280532412632954e+00 1.925269442217434068e-01 -5.953832307110075439e-02 2.520652672928441196e-01 1.910827395376626470e+01 1.210971245334339699e+02 2.689123720589294066e+02
4.000000000000000000e+00 4.000000000000000000e+01 2.130000000000000000e+02 -3.117843312518335779e+02 -1.400000000000000000e+01 4.840233563756270563e+00 2.534863985099350958e-01 -8.168925183475980734e-02 3.351756503446948754e-01 2.053591832962219144e+01 1.653052377919750882e+02 6.705198462400973085e+02
4.000000000000000000e+00 4.100000000000000000e+01 2.130000000000000000e+02 -3.131337939775671089e+02 -1.400000000000000000e+01 3.027846450241876042e+00 2.534863985099350958e-01 -8.168925183475980734e-02 3.351756503446948754e-01 7.944128924291630867e+00 1.504989325671166966e+02 3.572300732491203803e+02
4.000000000000000000e+00 4.200000000000000000e+01 2.120000000000000000e+02 -2.979963425323814477e+02 -1.400000000000000000e+01 2.551823957206357019e+00 1.990474718312513769e-01 -6.957639102477082560e-02 2.686238628560222441e-01 7.607966046218522571e+00 1.030542853381036679e+02 3.512028076827994596e+02
4.000000000000000000e+00 4.300000000000000000e+01 2.120000000000000000e+02 -3.004605788141558378e+02 -2.000000000000000000e+01 2.058327002239503933e+00 1.804218120690708749e-01 -4.995333924550247884e-02 2.303751513145733398e-01 1.339431693410186597e+01 9.789866267097117714e+01 2.677007812930222030e+02
4.000000000000000000e+00 4.400000000000000000e+01 2.120000000000000000e+02 -3.120190204215263066e+02 -3.000000000000000000e+01 2.415482763728389326e+00 9.616398495298188187e-02 -6.710821484551265925e-02 1.632721997984945550e-01 -1.121186496868296523e+01 2.795843825265401961e+02 1.346057004808830300e+02
4.000000000000000000e+00 5.000000000000000000e+01 1.580000000000000000e+02 -5.162572703466864823e+02 -3.400000000000000000e+01 1.189382960516349108e+01 3.257646358492194971e-01 -2.519543066499914108e-01 5.777189424992109634e-01 2.708440594770154419e+01 1.019443125148176932e+03 9.975135208177008508e+02
4.000000000000000000e+00 5.100000000000000000e+01 1.570000000000000000e+02 -5.216551212496209473e+02 -1.700000000000000000e+01 3.391353190453721744e+00 1.628668714059988143e-01 -1.126084144219582223e-01 2.754752858279570504e-01 2.119124716934141617e+00 1.792634324926505371e+02 3.717909941001129823e+02
4.000000000000000000e+00 5.200000000000000000e+01 1.560000000000000000e+02 -5.242953744086649976e+02 -5.300000000000000000e+01 6.354744163230487075e+00 7.736983164481936459e-02 -8.892355327172007939e-02 1.662933849165394440e-01 7.039715244097028801e+01 6.597354489635588379e+02 4.383716535475170417e+02
4.000000000000000000e+00 5.300000000000000000e+01 1.550000000000000000e+02 -5.276396950767873477e+02 -4.200000000000000000e+01 4.692273583563176587e+00 1.046918463795541016e-01 -1.037096815689229901e-01 2.084015279484770777e-01 6.760965793919702094e+01 3.410453373063037930e+02 5.029160714434741521e+02
4.000000000000000000e+00 5.400000000000000000e+01 1.540000000000000000e+02 -5.340936472433393192e+02 -1.310000000000000000e+02 1.172650821110491215e+01 1.843762977717604834e-01 -5.816407508011532668e-02 2.425403728518757962e-01 5.686650168670337280e+01 1.908239739768847585e+02 1.906928571142509782e+03
4.000000000000000000e+00 9.100000000000000000e+01 1.270000000000000000e+02 -3.064451526413223519e+02 -1.100000000000000000e+01 4.339952586707283899e+00 3.079725941294688685e-01 -1.087489746267322199e-01 4.167215687562010884e-01 1.281647409586129704e+01 3.236900112888327499e+02 4.476311682981891522e+02
4.000000000000000000e+00 9.200000000000000000e+01 1.270000000000000000e+02 -5.638991717943251842e+02 -1.200000000000000000e+01 2.179946809722341783e+00 1.757497614080611170e-01 -7.630168738148822294e-02 2.520514487895493261e-01 4.370282551407315808e+00 1.171301844124355256e+02 2.378350954139714872e+02
5.000000000000000000e+00 4.000000000000000000e+00 3.900000000000000000e+01 -4.381057768389837292e+02 -1.800000000000000000e+01 3.009362813988105234e+00 1.289555661171331302e-01 -6.835130367069965074e-02 1.973068697878327671e-01 1.031167586863934105e+01 2.579242396309699075e+02 2.610878186010555737e+02
5.000000000000000000e+00 5.000000000000000000e+00 3.800000000000000000e+01 -4.394552395647173171e+02 -2.200000000000000000e+01 2.560830382898984681e+00 8.871846862582469240e-02 -7.991874066154690259e-02 1.686372092873716089e-01 4.381216780336176697e+01 2.631070302961219909e+02 1.944841317497313753e+02
5.000000000000000000e+00 6.000000000000000000e+00 3.700000000000000000e+01 -4.387511720556389037e+02 -1.500000000000000000e+01 4.041255538088633692e+00 1.494973986518244868e-01 -6.532298543311912398e-02 2.148203840849436108e-01 8.237664770191674535e+00 2.213493041546310565e+02 4.784512553808895632e+02
5.000000000000000000e+00 7.000000000000000000e+00 4.700000000000000000e+01 -4.283661762967324762e+02 -2.400000000000000000e+01 4.863986294907022057e+00 1.723763459504923656e-01 -1.036751617358932787e-01 2.760515076863856443e-01 3.654869908786631072e+01 2.883615594450914159e+02 5.181297584639039542e+02
5.000000000000000000e+00 8.000000000000000000e+00 4.600000000000000000e+01 -4.295982944376197565e+02 -3.200000000000000000e+01 5.407445644022175202e+00 1.717718248845402640e-01 -1.286187656709448512e-01 3.003905905554851707e-01 3.374366132107916627e+01 4.698867009576316036e+02 4.837269256344746395e+02
5.000000000000000000e+00 9.000000000000000000e+00 4.500000000000000000e+01 -4.308890848709301054e+02 -3.000000000000000000e+01 5.237669555359328655e+00 1.695856872342023092e-01 -1.158771825152777601e-01 2.854628697494800416e-01 2.061731168103156620e+01 4.079896585073353208e+02 5.434050833272675618e+02
5.000000000000000000e+00 1.000000000000000000e+01 4.400000000000000000e+01 -4.321212030118173288e+02 -2.800000000000000000e+01 4.727764335320507882e+00 1.981265933840000437e-01 -1.043854997250122235e-01 3.025120931090122256e-01 2.229503904942131598e+01 3.296939008341578869e+02 5.347569988269987107e+02
5.000000000000000000e+00 1.100000000000000000e+01 4.300000000000000000e+01 -4.334706657375509167e+02 -2.000000000000000000e+01 4.552280897392400050e+00 1.471191988046344212e-01 -1.076819874846239866e-01 2.548011862892584078e-01 3.005978931256514386e+01 3.717658532212383307e+02 4.022737585900044337e+02
5.000000000000000000e+00 1.200000000000000000e+01 4.200000000000000000e+01 -4.345267670011685368e+02 -1.700000000000000000e+01 4.084046573114943790e+00 1.471739114977206053e-01 -9.956614835746428749e-02 2.467400598551848512e-01 2.808037386567820803e+01 3.101500425694958381e+02 3.899590340861546451e+02
5.000000000000000000e+00 1.300000000000000000e+01 4.100000000000000000e+01 -4.358175574344789425e+02 -2.300000000000000000e+01 3.541548765833400836e+00 1.350513549102300703e-01 -1.013349768094249231e-01 2.363863317196549796e-01 6.352151773403291202e+01 2.309592510905943072e+02 3.717755086918750749e+02
5.000000000000000000e+00 1.400000000000000000e+01 4.000000000000000000e+01 -4.369323309905197448e+02 -2.500000000000000000e+01 3.109265766507197881e+00 1.132864528132788706e-01 -8.332083731698898543e-02 1.966072901302678699e-01 4.074641350684250796e+01 2.447372610958653638e+02 2.625528723553493364e+02
5.000000000000000000e+00 1.500000000000000000e+01 4.900000000000000000e+01 -4.255499062604188794e+02 -2.800000000000000000e+01 5.129039988404959338e+00 1.563175011304618611e-01 -9.744667921706225144e-02 2.537641803475241264e-01 1.750490804868437067e+01 4.225069049855548542e+02 4.538685557168702189e+02
5.000000000000000000e+00 1.600000000000000000e+01 4.800000000000000000e+01 -4.267820244013061028e+02 -2.300000000000000000e+01 5.148015116186185125e+00 1.985808747754679859e-01 -1.003837921505109643e-01 2.989646669259789502e-01 7.739625097153040478e+00 3.779764691074624920e+02 5.145681820044949291e+02
5.000000000000000000e+00 3.190000000000000000e+02 2.310000000000000000e+02 -3.449928487633648615e+02 -2.400000000000000000e+01 6.646985674092068308e+00 1.663951557291386829e-01 -1.184442763105642421e-01 2.848394320397029111e-01 7.434657449007580965e+01 6.191070119629325745e+02 5.467058842141384503e+02
5.000000000000000000e+00 3.200000000000000000e+02 2.300000000000000000e+02 -3.461662946118289028e+02 -2.200000000000000000e+01 1.095250280345167582e+01 3.995472756606575637e-01 -2.225727902377336032e-01 6.221200658983911946e-01 4.889119837635613663e+01 9.502810159580303662e+02 1.051454743357400275e+03
5.000000000000000000e+00 3.210000000000000000e+02 2.290000000000000000e+02 -3.468116898284841341e+02 -4.200000000000000000e+01 8.110942176725574271e+00 3.716262134429032526e-01 -1.304380919849593701e-01 5.020643054278626227e-01 1.452106880579694348e+01 6.788237034389225073e+02 7.505911557358388109e+02
5.000000000000000000e+00 3.220000000000000000e+02 2.280000000000000000e+02 -3.489825646481424997e+02 -2.600000000000000000e+01 6.178801428823882169e+00 1.567379534277711373e-01 -1.321102960750328847e-01 2.888482495028039665e-01 6.414059259815606140e+01 5.917187264414435504e+02 5.299898008082385559e+02
5.000000000000000000e+00 3.230000000000000000e+02 2.270000000000000000e+02 -3.503906996662993265e+02 -3.800000000000000000e+01 5.320495918040989203e+00 1.464647254580929703e-01 -8.942946250033274869e-02 2.358941879584257606e-01 2.201418159366503602e+01 4.671058796036516014e+02 4.749870809789142072e+02
5.000000000000000000e+00 3.240000000000000000e+02 2.260000000000000000e+02 -3.517401623920329143e+02 -3.500000000000000000e+01 5.478076887877562307e+00 1.832372290112178059e-01 -8.833028703573944651e-02 2.715675160469572802e-01 2.586497194354397777e+01 4.331600600139447579e+02 5.510936815615407340e+02
5.000000000000000000e+00 3.250000000000000000e+02 2.250000000000000000e+02 -3.530896251177665590e+02 -2.700000000000000000e+01 6.801542320722778534e+00 2.327695746074996686e-01 -1.254914254377405003e-01 3.582610000452401411e-01 7.013368200572861610e+01 5.546340431659125443e+02 6.422820888042346041e+02
5.000000000000000000e+00 3.260000000000000000e+02 2.240000000000000000e+02 -3.541457263813841791e+02 -1.400000000000000000e+01 1.106985512909390224e+01 3.443824386729139597e-01 -2.427816837785143900e-01 5.871641224514283497e-01 5.106897479442892518e+01 8.519651530038472629e+02 1.115398381872350456e+03
5.000000000000000000e+00 3.270000000000000000e+02 2.320000000000000000e+02 -3.439367474997472982e+02 -2.900000000000000000e+01 6.480016193649002609e+00 1.400329927100534277e-01 -1.754877234320637303e-01 3.155207161421171858e-01 5.294267119669999744e-01 6.968328010861235953e+02 4.362871398138145764e+02
5.000000000000000000e+00 3.280000000000000000e+02 2.140000000000000000e+02 -3.774386264733946632e+02 -1.100000000000000000e+01 2.188765663258442462e+00 1.886284900941869735e-01 -7.313329740783734711e-02 2.617617875020243345e-01 3.547868473900859954e+01 1.145147544465766458e+02 2.466073426227011964e+02
5.000000000000000000e+00 3.290000000000000000e+02 2.100000000000000000e+02 -3.424699401891672892e+02 -2.300000000000000000e+01 4.625544841787796457e+00 1.748760078647158545e-01 -1.213665574602607322e-01 2.962425653249765589e-01 1.863099999788209615e+01 3.632075187316293068e+02 4.284365753160320764e+02
5.000000000000000000e+00 3.300000000000000000e+02 2.090000000000000000e+02 -3.429979908209760424e+02 -1.800000000000000000e+01 2.022873120851854445e+00 1.254645467390467228e-01 -7.924515607074358869e-02 2.047097028097903115e-01 2.697997749785004729e+01 1.525627505547540466e+02 1.492294646074885520e+02
5.000000000000000000e+00 3.310000000000000000e+02 2.210000000000000000e+02 -3.583701314358545460e+02 -2.100000000000000000e+01 4.855189944377610978e+00 1.414488714869627795e-01 -1.068925523343587369e-01 2.483414238213215164e-01 4.998389010112050812e+01 3.240160194291852349e+02 5.020825597920303380e+02
5.000000000000000000e+00 3.320000000000000000e+02 2.200000000000000000e+02 -3.596022495767417695e+02 -2.400000000000000000e+01 5.831144518395857013e+00 1.735186521984433405e-01 -1.071235406750229990e-01 2.806421928734663118e-01 3.038325978539720751e+01 5.211477059117642057e+02 4.983250259437493241e+02
5.000000000000000000e+00 3.330000000000000000e+02 2.180000000000000000e+02 -3.624185196130553663e+02 -3.100000000000000000e+01 4.464730975208388131e+00 1.428377753444556308e-01 -6.749864036869077100e-02 2.103364157131464018e-01 2.300143365921985605e+02 2.721680097166544670e+02 4.673490642866183862e+02
5.000000000000000000e+00 3.340000000000000000e+02 2.170000000000000000e+02 -3.635919654615194077e+02 -2.700000000000000000e+01 4.827156492469788951e+00 1.400342766873357292e-01 -9.025971556118160544e-02 2.302939922485173485e-01 4.092662875049988713e+00 3.677397322665188995e+02 4.767830754700686953e+02
5.000000000000000000e+00 3.350000000000000000e+02 2.160000000000000000e+02 -3.652347896493689632e+02 -1.900000000000000000e+01 3.404736072262991797e+00 1.162593419265885303e-01 -9.409862988349035340e-02 2.103579718100788698e-01 1.345798192840071472e+01 2.846441727122870020e+02 2.704440101607260090e+02
5.000000000000000000e+00 3.420000000000000000e+02 1.630000000000000000e+02 -3.978565842366683114e+02 -1.400000000000000000e+01 5.896316670668425353e+00 3.955540407409625647e-01 -1.698056051848977344e-01 5.653596459258602991e-01 5.417041771928362337e+00 4.419514896280298899e+02 5.876947232191535022e+02
5.000000000000000000e+00 3.430000000000000000e+02 1.350000000000000000e+02 -3.977392396518219471e+02 -1.300000000000000000e+01 2.930142821990773250e+00 2.069745618077455107e-01 -8.991709686061472029e-02 2.968916586683602588e-01 4.005859795783522515e+01 2.092032794596374004e+02 2.591257941612358877e+02
5.000000000000000000e+00 3.440000000000000000e+02 1.330000000000000000e+02 -4.057773437138004056e+02 -1.600000000000000000e+01 5.405831266009703207e+00 1.903797626084761108e-01 -1.353224560274015609e-01 3.257022186358776716e-01 2.365267478071530860e+01 4.343501885383124090e+02 3.826621501132128742e+02
5.000000000000000000e+00 3.450000000000000000e+02 1.320000000000000000e+02 -3.990300300851323527e+02 -1.100000000000000000e+01 7.604644016782411420e+00 3.396336731948602639e-01 -2.482509084936284083e-01 5.878845816884886721e-01 3.250432962316590135e+01 7.890844476418183149e+02 5.655983078341888586e+02
5.000000000000000000e+00 3.460000000000000000e+02 1.320000000000000000e+02 -4.057773437138004056e+02 -2.600000000000000000e+01 1.249001446376792046e+01 4.212772135099440152e-01 -2.053802675536708922e-01 6.266574810636149628e-01 2.426661569055900713e+01 7.946770878691992266e+02 1.094384694173791331e+03
5.000000000000000000e+00 3.470000000000000000e+02 1.310000000000000000e+02 -3.882343282792634795e+02 -1.600000000000000000e+01 1.265180178755549179e+01 3.253832982254216688e-01 -5.094319889441616400e-01 8.348152871695831978e-01 4.981041345084973315e+00 1.778413460441239067e+03 4.936822541178150914e+02
5.000000000000000000e+00 3.480000000000000000e+02 1.310000000000000000e+02 -3.922827164564642999e+02 -2.700000000000000000e+01 4.334134137931903830e+00 2.117624049257684771e-01 -1.325128114407577995e-01 3.442752163665263043e-01 1.045626412291281326e+01 4.696600833765922971e+02 2.351108701012318534e+02
5.000000000000000000e+00 3.490000000000000000e+02 1.300000000000000000e+02 -3.882343282792634795e+02 -1.700000000000000000e+01 9.224768881706671309e+00 3.015287947931399870e-01 -4.578254655664742989e-01 7.593542603596142859e-01 -3.809757007275170970e+00 1.035985217811232815e+03 4.552354564371499919e+02
5.000000000000000000e+00 3.500000000000000000e+02 1.300000000000000000e+02 -3.908745814383074730e+02 -3.200000000000000000e+01 2.389316101484532950e+01 5.210179538251700215e-01 -4.217895267145601035e-01 9.428074805397300695e-01 5.618650301821621618e+00 2.289306382226520782e+03 1.935921012342244694e+03
5.000000000000000000e+00 3.510000000000000000e+02 1.300000000000000000e+02 -4.004968373957123617e+02 -1.100000000000000000e+01 7.020088869534915510e+00 1.860276145958524585e-01 -3.652520268654197988e-01 5.512796414612722851e-01 -2.156860088984876711e+01 1.006848559339312146e+03 1.844446992184482781e+02
5.000000000000000000e+00 3.520000000000000000e+02 1.290000000000000000e+02 -3.924000610413107211e+02 -6.600000000000000000e+01 2.677824579559189644e+01 7.916484632280089695e-01 -3.136925259529988463e-01 1.105340989181007760e+00 2.530720641937435289e+01 1.704165104607309104e+03 3.031518039003867216e+03
5.000000000000000000e+00 3.530000000000000000e+02 1.290000000000000000e+02 -4.002621482260195762e+02 -1.200000000000000000e+01 1.242221568667731368e+01 4.782090790357696464e-01 -5.886107499107421370e-01 1.066819828946511617e+00 1.423317244796125536e+01 1.328413331596273792e+03 5.079082536110240653e+02
5.000000000000000000e+00 3.540000000000000000e+02 1.290000000000000000e+02 -4.082415799955748525e+02 -1.600000000000000000e+01 1.512970618363914532e+01 3.287280090644407737e-01 -5.339935679062614016e-01 8.627215769707022863e-01 4.966160167622698651e+01 2.085373876014572033e+03 6.925524064380181244e+02
5.000000000000000000e+00 3.550000000000000000e+02 1.280000000000000000e+02 -3.894664464201507030e+02 -1.700000000000000000e+01 1.244326250506217058e+01 6.748908779774253075e-01 -2.436635407086401861e-01 9.185544186860654658e-01 3.428505075005254810e-01 9.919622514583732027e+02 1.173946003595167213e+03
5.000000000000000000e+00 3.560000000000000000e+02 1.280000000000000000e+02 -3.943949189836995401e+02 -2.900000000000000000e+01 1.193486403053119460e+01 4.212308436171303683e-01 -2.625555450539447389e-01 6.837863886710751071e-01 8.739269202264996039e+00 8.591070984977629905e+02 1.240797488928027406e+03
5.000000000000000000e+00 3.570000000000000000e+02 1.280000000000000000e+02 -4.005555096881356008e+02 -1.200000000000000000e+01 6.361217698792858144e+00 4.700540570483109359e-01 -2.929977300964804465e-01 7.630517871447913825e-01 1.074659620850242092e+01 4.075778450896026470e+02 6.108354251218393074e+02
5.000000000000000000e+00 3.580000000000000000e+02 1.280000000000000000e+02 -4.060707051759163733e+02 -3.700000000000000000e+01 3.335391820336548818e+01 4.945890953378599408e-01 -7.170219802298242184e-01 1.211611075567684104e+00 5.098207904153634118e+00 3.551542021951863717e+03 2.441837676445744819e+03
5.000000000000000000e+00 3.590000000000000000e+02 1.480000000000000000e+02 -4.027850568002171485e+02 -1.100000000000000000e+01 1.945601750052732060e+00 1.653298587124158447e-01 -6.474803736122626552e-02 2.300778960736420964e-01 1.316711107741555331e+01 1.251771420413097644e+02 1.814469531203679935e+02
5.000000000000000000e+00 3.860000000000000000e+02 1.020000000000000000e+02 -4.013182494896371395e+02 -1.400000000000000000e+01 5.286711735872121842e+00 4.303254403462064004e-01 -1.627885038209114232e-01 5.931139441671178236e-01 1.106155936649230043e+01 3.840655256344528539e+02 5.276256233075283717e+02
5.000000000000000000e+00 3.870000000000000000e+02 1.060000000000000000e+02 -3.926347502110035066e+02 -1.300000000000000000e+01 2.153125851536731084e+00 1.563972773613068190e-01 -5.720919066336168507e-02 2.136064680246684555e-01 1.754807105391527244e+01 1.632242919375156305e+02 2.046782435403762577e+02
5.000000000000000000e+00 3.880000000000000000e+02 1.190000000000000000e+02 -4.038411580638347687e+02 -3.200000000000000000e+01 4.368228319422045480e+00 1.650486403627521859e-01 -1.187386116253344032e-01 2.837872519880866307e-01 2.490364230658820333e+01 3.911840446354042911e+02 3.693426415657067423e+02
5.000000000000000000e+00 3.890000000000000000e+02 1.180000000000000000e+02 -4.044865532804899999e+02 -1.900000000000000000e+01 1.159980043582962494e+01 5.471622997263947408e-01 -2.874550782314044817e-01 8.346173779577992224e-01 2.973148499752226392e+00 1.004604350101481373e+03 1.081582144043195058e+03
5.000000000000000000e+00 3.900000000000000000e+02 1.170000000000000000e+02 -3.919893549943483322e+02 -1.300000000000000000e+01 5.421363184731836427e+00 3.264457294747021843e-01 -1.540294802874079827e-01 4.804752097621101670e-01 9.147974288859749947e+00 4.577863808043296672e+02 4.940287400938432825e+02
5.000000000000000000e+00 3.910000000000000000e+02 1.170000000000000000e+02 -4.017876278290227674e+02 -1.300000000000000000e+01 1.759577953293759212e+00 8.355769351012443114e-02 -7.711223728611359129e-02 1.606699307962380363e-01 2.564117966120388559e+01 1.289645658838365421e+02 1.330057951029092180e+02
5.000000000000000000e+00 3.920000000000000000e+02 1.170000000000000000e+02 -4.053666376668379598e+02 -1.400000000000000000e+01 3.850014158451740443e+00 2.331635502029954232e-01 -1.475966541218274308e-01 3.807602043248228263e-01 1.216736095391393668e+01 3.721620889287497107e+02 3.053916157972626593e+02
5.000000000000000000e+00 3.930000000000000000e+02 1.270000000000000000e+02 -3.916959935322323076e+02 -1.300000000000000000e+01 3.650164237084962515e+00 1.785095190067854387e-01 -1.801365797450819595e-01 3.586460987518673704e-01 1.763760987116813439e+01 3.923743286973457884e+02 2.433541750271344313e+02
5.000000000000000000e+00 3.940000000000000000e+02 1.270000000000000000e+02 -3.975632227745523437e+02 -2.700000000000000000e+01 6.582896028930087517e+00 2.196312627706478171e-01 -1.591891579381332356e-01 3.788204207087810804e-01 5.296474175740264911e+00 5.427982333758587856e+02 3.983756654275420601e+02
5.000000000000000000e+00 3.950000000000000000e+02 1.260000000000000000e+02 -3.882343282792634795e+02 -1.400000000000000000e+01 1.204355340541537167e+01 7.331936752951997427e-01 -4.188626515677861262e-01 1.152056326862985758e+00 9.029817325794537552e+00 1.367638096282095375e+03 7.836972719568591401e+02
5.000000000000000000e+00 3.960000000000000000e+02 1.260000000000000000e+02 -3.968004829730507481e+02 -1.200000000000000000e+01 1.186422498145462434e+01 6.529290063184531867e-01 -4.540705512619867545e-01 1.106999557580440108e+00 7.613259938062159726e+00 1.338596507814839697e+03 7.044807800259532087e+02
5.000000000000000000e+00 3.970000000000000000e+02 1.260000000000000000e+02 -4.037824857714115865e+02 -2.700000000000000000e+01 5.473017704638774461e+00 1.223216172504778682e-01 -1.337168682573559308e-01 2.560384855078338129e-01 -5.512644501731863329e+02 3.853076733417326523e+02 6.388670608168058607e+02
5.000000000000000000e+00 3.980000000000000000e+02 1.250000000000000000e+02 -3.895251187125738852e+02 -1.300000000000000000e+01 4.851591984915494038e+00 2.305574588641093325e-01 -1.721237014095494955e-01 4.026811602736588003e-01 1.048562518946823374e+01 5.136981733336343723e+02 3.426151285286865118e+02
5.000000000000000000e+00 3.990000000000000000e+02 1.250000000000000000e+02 -3.940428852291603334e+02 -1.500000000000000000e+01 6.418943729191385117e+00 2.113358748143221166e-01 -1.416532637534071160e-01 3.529891385677292881e-01 2.213773797055474191e+01 3.968580060821670372e+02 4.214862072974472653e+02
5.000000000000000000e+00 4.000000000000000000e+02 1.250000000000000000e+02 -4.084175968728443991e+02 -3.200000000000000000e+01 5.848395977664260670e+00 1.964955615685585744e-01 -1.588246743223075408e-01 3.553202358908660874e-01 3.831914990201056526e+00 6.870201189590601416e+02 3.028743285235980807e+02
5.000000000000000000e+00 4.010000000000000000e+02 1.240000000000000000e+02 -3.947469527382387469e+02 -2.100000000000000000e+01 5.421119015806832309e+00 2.822871185149150031e-01 -1.474057181929369076e-01 4.296928367078518551e-01 2.840714379950386714e+01 4.330708737491286229e+02 4.937100536988169210e+02
5.000000000000000000e+00 4.020000000000000000e+02 1.240000000000000000e+02 -4.017876278290227674e+02 -1.500000000000000000e+01 4.223867278415442073e+00 1.927500054802115392e-01 -1.159436909986561598e-01 3.086936964788676852e-01 4.432479245699843773e+01 2.651946938003437140e+02 4.439807785990569187e+02
5.000000000000000000e+00 4.030000000000000000e+02 1.230000000000000000e+02 -3.952163310776243179e+02 -2.200000000000000000e+01 6.605185894467904717e+00 2.695223901367901354e-01 -1.542687448779494208e-01 4.237911350147395839e-01 3.249338566065819833e+01 6.239491083814432386e+02 5.853625274693239362e+02
5.000000000000000000e+00 4.040000000000000000e+02 1.230000000000000000e+02 -4.038411580638347687e+02 -1.900000000000000000e+01 3.033433980119728535e+00 1.973225391093614833e-01 -1.183388342126439202e-01 3.156613733220053897e-01 2.011878710401877868e+01 1.504541286657370449e+02 3.636375130126658632e+02
5.000000000000000000e+00 4.050000000000000000e+02 1.230000000000000000e+02 -4.083002522879979779e+02 -2.400000000000000000e+01 5.781914363460697537e+00 1.777209621712426690e-01 -1.824075123702916246e-01 3.601284745415342936e-01 -1.400028775519543700e+01 6.513409591544721025e+02 3.640740959066355344e+02
5.000000000000000000e+00 4.060000000000000000e+02 1.220000000000000000e+02 -3.955683648321635246e+02 -2.300000000000000000e+01 8.413441740116081036e+00 2.490890371031547479e-01 -2.071746695015753703e-01 4.562637066047300904e-01 1.915434626904121984e+01 7.864968924216408368e+02 7.213188236616948643e+02
5.000000000000000000e+00 4.070000000000000000e+02 1.220000000000000000e+02 -4.025503676305244198e+02 -1.400000000000000000e+01 4.562828741181871983e+00 3.485523671802471246e-01 -9.682994475771355969e-02 4.453823119379607398e-01 2.073052497790761350e+01 1.302722081171614263e+02 5.203657208599688602e+02
5.000000000000000000e+00 4.080000000000000000e+02 1.220000000000000000e+02 -4.092390089667692337e+02 -1.500000000000000000e+01 8.177562886038579393e+00 2.991699140631175480e-01 -2.911034903805472251e-01 5.902734044436648286e-01 1.533893384809777771e+01 9.640318690383940066e+02 4.091236852781149196e+02
5.000000000000000000e+00 4.090000000000000000e+02 1.210000000000000000e+02 -3.962724323412419380e+02 -3.000000000000000000e+01 4.951900542106962178e+00 2.393392760987138046e-01 -1.408831868136568577e-01 3.802224629123706623e-01 3.256761034267925226e+01 4.288923413502123481e+02 4.394048483728961969e+02
5.000000000000000000e+00 4.100000000000000000e+02 1.210000000000000000e+02 -4.029610736774867519e+02 -2.000000000000000000e+01 3.325568362904042896e+00 2.470716190806979962e-01 -1.094545071451835383e-01 3.565261262258815345e-01 2.913567698836357778e+01 1.951373404210630156e+02 3.647836821208431388e+02
5.000000000000000000e+00 4.110000000000000000e+02 1.210000000000000000e+02 -4.094736981364620192e+02 -1.200000000000000000e+01 2.018355424266943476e+00 8.812005045550531934e-02 -8.884954929975548421e-02 1.769695997552607758e-01 -9.549176606033050518e+01 2.146792297063972512e+02 2.103096551634443472e+02
5.000000000000000000e+00 4.120000000000000000e+02 1.200000000000000000e+02 -4.030784182623331731e+02 -2.200000000000000000e+01 5.339935473836855628e+00 2.302562029085566120e-01 -1.188172267601309284e-01 3.490734296686874849e-01 2.236873715056506029e+01 5.056555991139452431e+02 4.539875760651904670e+02
5.000000000000000000e+00 4.130000000000000000e+02 7.900000000000000000e+01 -3.990887023775555349e+02 -1.200000000000000000e+01 1.719404776809323909e+00 1.246142203254172326e-01 -6.434533672853652575e-02 1.889595570539537583e-01 1.834835646527407960e+01 1.326616834895040427e+02 1.437459597249281558e+02
5.000000000000000000e+00 4.140000000000000000e+02 7.900000000000000000e+01 -4.083589245804211600e+02 -1.600000000000000000e+01 1.547642052262313550e+00 9.544397044707560174e-02 -5.147755521225023251e-02 1.469215256593258412e-01 8.819948896087694834e+00 8.893981655278209075e+01 1.648360491925390079e+02
5.000000000000000000e+00 4.150000000000000000e+02 7.800000000000000000e+01 -3.990300300851323527e+02 -1.500000000000000000e+01 4.941376652178115059e+00 4.197282852012627630e-01 -1.353140488164202571e-01 5.550423340176829923e-01 -8.643674510285560331e+00 3.368468842216008170e+02 5.087647588103934027e+02
5.000000000000000000e+00 4.160000000000000000e+02 7.800000000000000000e+01 -4.089456475046531523e+02 -1.300000000000000000e+01 7.027553234084967571e+00 2.781986960394036146e-01 -1.632295932026774921e-01 4.414282892420811066e-01 2.191071944759818990e+01 4.989563342499185978e+02 7.433761354048509702e+02
5.000000000000000000e+00 4.170000000000000000e+02 7.700000000000000000e+01 -4.101777656455404326e+02 -2.100000000000000000e+01 1.477806951291409598e+00 5.960136044032637859e-02 -6.218042410861392144e-02 1.217817845489402723e-01 2.410722026635481896e+01 1.148988307655693575e+02 1.151162527494768000e+02
5.000000000000000000e+00 4.180000000000000000e+02 8.600000000000000000e+01 -3.915786489473858865e+02 -1.300000000000000000e+01 6.810613894494745857e+00 2.770183348036360793e-01 -1.433997676961727419e-01 4.204181024998088212e-01 1.435222984526063073e+01 2.618628501754677700e+02 6.792852809475241429e+02
5.000000000000000000e+00 4.190000000000000000e+02 8.500000000000000000e+01 -3.972698613124363192e+02 -2.200000000000000000e+01 9.148811625539709169e+00 4.365615815307331560e-01 -2.504778905925832966e-01 6.870394721233163970e-01 1.357632816259242858e+01 8.645347225149189399e+02 7.552200176039240205e+02
5.000000000000000000e+00 4.200000000000000000e+02 8.400000000000000000e+01 -3.977979119442451292e+02 -1.300000000000000000e+01 3.677758546711372922e+00 2.668137091319432441e-01 -1.528780591184085713e-01 4.196917682503518154e-01 2.682038319506449398e+01 2.616327573236822559e+02 3.520945980927186838e+02
5.000000000000000000e+00 4.210000000000000000e+02 8.200000000000000000e+01 -3.924587333337339032e+02 -2.100000000000000000e+01 4.452700577235880530e+00 2.150542491446890692e-01 -9.827408046000080111e-02 3.133283296046898703e-01 2.967767765635277222e+00 2.437512339995671482e+02 5.410039045708165304e+02
5.000000000000000000e+00 4.220000000000000000e+02 8.200000000000000000e+01 -4.010835603199443540e+02 -1.400000000000000000e+01 3.024919085464026214e+00 2.824814759726080315e-01 -1.144421489445220930e-01 3.969236249171300690e-01 1.345499586827559035e+01 2.212006185079829663e+02 3.061907203382860416e+02
5.000000000000000000e+00 4.450000000000000000e+02 3.200000000000000000e+02 -8.155217961772091684e+00 -1.500000000000000000e+01 2.201263740226812704e+00 2.237071450727858013e-01 -7.164276917975943848e-02 2.953499142525452537e-01 3.035797317384930416e+00 1.275965322967188058e+02 2.334480209441390741e+02
5.000000000000000000e+00 4.480000000000000000e+02 3.090000000000000000e+02 -3.189423509274639628e+02 -1.300000000000000000e+01 2.405130244123670380e+00 2.385864435122201366e-01 -8.189543956945717629e-02 3.204818830816772990e-01 1.877081882225603948e+01 1.097112341166684928e+02 3.024546945768972819e+02
6.000000000000000000e+00 3.000000000000000000e+00 2.330000000000000000e+02 -5.136756894800656710e+02 -1.900000000000000000e+01 2.459446609223097990e+00 1.668345114240799010e-01 -6.604709515739701220e-02 2.328816065814769409e-01 3.765768242121378506e+01 1.658715277634758252e+02 2.456772465565823325e+02
