DAQch	View	Vchannel	FEMB	FEMBch	ASIC	ASICch	gain	error
0	0	14	1	7	1	7	23.454	0.031
1	1	36	1	6	1	6	22.916	0.086
2	1	37	1	5	1	5	23.371	0.099
3	1	39	1	4	1	4	22.894	0.098
4	3	0	1	4	1	4	22.900	-1.000
5	3	1	1	5	1	5	22.900	-1.000
6	3	2	1	6	1	6	22.900	-1.000
7	3	3	1	7	1	7	22.900	-1.000
8	1	32	1	39	3	7	21.485	0.076
9	1	31	1	38	3	6	23.054	0.110
10	0	12	1	37	3	5	23.568	0.032
11	1	28	1	36	3	4	22.696	0.104
12	0	11	1	35	3	3	23.441	0.033
13	1	25	1	34	3	2	22.943	0.115
14	1	24	1	33	3	1	22.868	0.098
15	1	22	1	32	3	0	21.683	0.087
16	1	23	1	15	1	15	21.819	0.090
17	0	10	1	14	1	14	24.442	0.028
18	1	26	1	13	1	13	23.737	0.096
19	1	27	1	12	1	12	24.413	0.102
20	1	29	1	11	1	11	24.369	0.108
21	1	30	1	10	1	10	24.682	0.106
22	0	13	1	9	1	9	23.389	0.035
23	1	33	1	8	1	8	23.511	0.116
24	3	4	1	24	2	8	22.900	-1.000
25	3	5	1	25	2	9	22.900	-1.000
26	3	6	1	26	2	10	22.900	-1.000
27	3	7	1	27	2	11	22.900	-1.000
28	1	38	1	43	3	11	23.014	0.101
29	0	15	1	42	3	10	24.230	0.060
30	1	35	1	41	3	9	22.876	0.103
31	1	34	1	40	3	8	23.402	0.101
32	0	5	1	23	2	7	22.900	-1.000
33	1	13	1	22	2	6	24.077	0.104
34	0	6	1	21	2	5	23.380	0.019
35	1	16	1	20	2	4	23.532	0.101
36	1	17	1	19	2	3	23.262	0.105
37	1	19	1	18	2	2	22.307	0.088
38	1	20	1	17	2	1	23.565	0.117
39	0	9	1	16	2	0	23.236	0.022
40	0	4	1	55	4	7	22.900	-1.000
41	1	8	1	54	4	6	22.775	0.113
42	0	3	1	53	4	5	22.900	-1.000
43	1	5	1	52	4	4	24.034	0.102
44	1	4	1	51	4	3	23.488	0.106
45	1	2	1	50	4	2	22.898	0.114
46	1	1	1	49	4	1	22.905	0.116
47	0	0	1	48	4	0	21.924	0.021
48	1	0	1	31	2	15	23.890	0.182
49	0	1	1	30	2	14	22.900	-1.000
50	1	3	1	29	2	13	23.481	0.063
51	0	2	1	28	2	12	22.900	-1.000
52	1	6	1	27	2	11	23.480	0.095
53	1	7	1	26	2	10	24.091	0.107
54	1	9	1	25	2	9	23.521	0.103
55	1	10	1	24	2	8	22.911	0.091
56	1	21	1	63	4	15	22.103	0.090
57	0	8	1	62	4	14	22.468	0.059
58	1	18	1	61	4	13	22.304	0.092
59	0	7	1	60	4	12	22.664	0.017
60	1	15	1	59	4	11	22.886	0.117
61	1	14	1	58	4	10	21.606	0.089
62	1	12	1	57	4	9	22.744	0.096
63	1	11	1	56	4	8	22.715	0.105
64	0	21	1	71	5	7	22.325	0.036
65	1	53	1	70	5	6	21.036	0.078
66	0	22	1	69	5	5	22.540	0.034
67	1	56	1	68	5	4	22.021	0.099
68	1	57	1	67	5	3	21.308	0.079
69	1	59	1	66	5	2	21.649	0.082
70	1	60	1	65	5	1	21.107	0.071
71	0	25	1	64	5	0	20.629	0.032
72	0	20	1	103	7	7	22.733	0.027
73	1	48	1	102	7	6	22.343	0.097
74	0	19	1	101	7	5	22.761	0.037
75	1	45	1	100	7	4	20.503	0.079
76	1	44	1	99	7	3	22.795	0.093
77	1	42	1	98	7	2	22.542	0.094
78	1	41	1	97	7	1	22.510	0.080
79	0	16	1	96	7	0	20.742	0.038
80	1	40	1	79	5	15	22.051	0.080
81	0	17	1	78	5	14	22.808	0.031
82	1	43	1	77	5	13	23.318	0.094
83	0	18	1	76	5	12	23.263	0.031
84	1	46	1	75	5	11	22.048	0.081
85	1	47	1	74	5	10	22.301	0.083
86	1	49	1	73	5	9	21.752	0.083
87	1	50	1	72	5	8	22.870	0.092
88	1	61	1	111	7	15	22.531	0.092
89	0	24	1	110	7	14	22.131	0.031
90	1	58	1	109	7	13	22.729	0.103
91	0	23	1	108	7	12	24.140	0.043
92	1	55	1	107	7	11	23.526	0.087
93	1	54	1	106	7	10	21.640	0.085
94	1	52	1	105	7	9	22.368	0.090
95	1	51	1	104	7	8	22.936	0.102
96	0	30	1	87	6	7	21.721	0.052
97	1	76	1	86	6	6	22.433	0.108
98	1	77	1	85	6	5	21.905	0.078
99	1	79	1	84	6	4	21.556	0.087
100	3	8	1	100	7	4	22.900	-1.000
101	3	9	1	101	7	5	22.900	-1.000
102	3	10	1	102	7	6	22.900	-1.000
103	3	11	1	103	7	7	22.900	-1.000
104	1	72	1	119	8	7	23.266	0.092
105	1	71	1	118	8	6	22.965	0.091
106	0	28	1	117	8	5	23.443	0.047
107	1	68	1	116	8	4	23.783	0.094
108	0	27	1	115	8	3	24.599	0.050
109	1	65	1	114	8	2	22.439	0.087
110	1	64	1	113	8	1	23.650	0.091
111	1	62	1	112	8	0	22.543	0.094
112	1	63	1	95	6	15	22.833	0.098
113	0	26	1	94	6	14	23.468	0.044
114	1	66	1	93	6	13	24.229	0.101
115	1	67	1	92	6	12	23.108	0.100
116	1	69	1	91	6	11	23.244	0.101
117	1	70	1	90	6	10	22.073	0.091
118	0	29	1	89	6	9	22.309	0.047
119	1	73	1	88	6	8	21.141	0.104
120	3	12	1	120	8	8	22.900	-1.000
121	3	13	1	121	8	9	22.900	-1.000
122	3	14	1	122	8	10	22.900	-1.000
123	3	15	1	123	8	11	22.900	-1.000
124	1	78	1	123	8	11	23.649	0.097
125	0	31	1	122	8	10	22.636	0.059
126	1	75	1	121	8	9	24.388	0.104
127	1	74	1	120	8	8	24.409	0.099
128	0	46	2	7	1	7	22.156	0.088
129	1	116	2	6	1	6	22.453	0.123
130	1	117	2	5	1	5	22.275	0.123
131	1	119	2	4	1	4	22.008	0.125
132	3	16	2	4	1	4	22.900	-1.000
133	3	17	2	5	1	5	22.900	-1.000
134	3	18	2	6	1	6	22.900	-1.000
135	3	19	2	7	1	7	22.900	-1.000
136	1	112	2	39	3	7	22.869	0.138
137	1	111	2	38	3	6	22.908	0.131
138	0	44	2	37	3	5	23.454	0.094
139	1	108	2	36	3	4	23.050	0.126
140	0	43	2	35	3	3	24.096	0.129
141	1	105	2	34	3	2	21.877	0.119
142	1	104	2	33	3	1	22.618	0.134
143	1	102	2	32	3	0	22.238	0.145
144	1	103	2	15	1	15	22.214	0.117
145	0	42	2	14	1	14	22.925	0.087
146	1	106	2	13	1	13	23.672	0.123
147	1	107	2	12	1	12	23.211	0.119
148	1	109	2	11	1	11	23.852	0.130
149	1	110	2	10	1	10	22.780	0.132
150	0	45	2	9	1	9	23.051	0.096
151	1	113	2	8	1	8	22.635	0.128
152	3	20	2	24	2	8	22.900	-1.000
153	3	21	2	25	2	9	22.900	-1.000
154	3	22	2	26	2	10	22.900	-1.000
155	3	23	2	27	2	11	22.900	-1.000
156	1	118	2	43	3	11	23.254	0.128
157	0	47	2	42	3	10	22.487	0.102
158	1	115	2	41	3	9	23.107	0.126
159	1	114	2	40	3	8	23.170	0.134
160	0	37	2	23	2	7	22.731	0.078
161	1	93	2	22	2	6	22.298	0.145
162	0	38	2	21	2	5	22.137	0.082
163	1	96	2	20	2	4	21.851	0.129
164	1	97	2	19	2	3	21.643	0.133
165	1	99	2	18	2	2	21.533	0.122
166	1	100	2	17	2	1	21.097	0.120
167	0	41	2	16	2	0	20.317	0.082
168	0	36	2	55	4	7	22.710	0.080
169	1	88	2	54	4	6	21.802	0.134
170	0	35	2	53	4	5	22.827	0.064
171	1	85	2	52	4	4	22.900	-1.000
172	1	84	2	51	4	3	22.900	-1.000
173	1	82	2	50	4	2	22.418	0.122
174	1	81	2	49	4	1	20.710	0.090
175	0	32	2	48	4	0	20.682	0.055
176	1	80	2	31	2	15	23.138	0.115
177	0	33	2	30	2	14	22.359	0.060
178	1	83	2	29	2	13	23.622	0.127
179	0	34	2	28	2	12	22.768	0.070
180	1	86	2	27	2	11	23.337	0.141
181	1	87	2	26	2	10	23.518	0.126
182	1	89	2	25	2	9	22.251	0.132
183	1	90	2	24	2	8	22.588	0.132
184	1	101	2	63	4	15	22.678	0.121
185	0	40	2	62	4	14	21.831	0.097
186	1	98	2	61	4	13	22.710	0.135
187	0	39	2	60	4	12	23.816	0.083
188	1	95	2	59	4	11	23.293	0.124
189	1	94	2	58	4	10	22.142	0.141
190	1	92	2	57	4	9	22.614	0.139
191	1	91	2	56	4	8	23.527	0.136
192	0	53	2	71	5	7	22.519	0.106
193	1	133	2	70	5	6	22.185	0.140
194	0	54	2	69	5	5	22.396	0.110
195	1	136	2	68	5	4	21.533	0.107
196	1	137	2	67	5	3	21.578	0.117
197	1	139	2	66	5	2	21.331	0.127
198	1	140	2	65	5	1	22.014	0.136
199	0	57	2	64	5	0	21.032	0.105
200	0	52	2	103	7	7	21.652	0.111
201	1	128	2	102	7	6	22.940	0.155
202	0	51	2	101	7	5	23.226	0.117
203	1	125	2	100	7	4	23.651	0.147
204	1	124	2	99	7	3	22.293	0.139
205	1	122	2	98	7	2	23.472	0.137
206	1	121	2	97	7	1	22.443	0.123
207	0	48	2	96	7	0	21.536	0.084
208	1	120	2	79	5	15	22.095	0.115
209	0	49	2	78	5	14	23.650	0.119
210	1	123	2	77	5	13	22.948	0.135
211	0	50	2	76	5	12	23.325	0.098
212	1	126	2	75	5	11	23.938	0.136
213	1	127	2	74	5	10	23.656	0.136
214	1	129	2	73	5	9	22.140	0.122
215	1	130	2	72	5	8	22.140	0.135
216	1	141	2	111	7	15	22.476	0.134
217	0	56	2	110	7	14	23.332	0.120
218	1	138	2	109	7	13	23.134	0.150
219	0	55	2	108	7	12	22.655	0.106
220	1	135	2	107	7	11	22.653	0.125
221	1	134	2	106	7	10	23.108	0.140
222	1	132	2	105	7	9	23.596	0.135
223	1	131	2	104	7	8	24.140	0.127
224	0	62	2	87	6	7	21.864	0.115
225	1	156	2	86	6	6	22.193	0.117
226	1	157	2	85	6	5	21.505	0.125
227	1	159	2	84	6	4	21.156	0.097
228	3	24	2	100	7	4	22.900	-1.000
229	3	25	2	101	7	5	22.900	-1.000
230	3	26	2	102	7	6	22.900	-1.000
231	3	27	2	103	7	7	22.900	-1.000
232	1	152	2	119	8	7	23.086	0.131
233	1	151	2	118	8	6	22.711	0.136
234	0	60	2	117	8	5	23.738	0.129
235	1	148	2	116	8	4	23.244	0.132
236	0	59	2	115	8	3	22.819	0.103
237	1	145	2	114	8	2	22.620	0.140
238	1	144	2	113	8	1	21.874	0.126
239	1	142	2	112	8	0	23.228	0.139
240	1	143	2	95	6	15	22.030	0.131
241	0	58	2	94	6	14	21.540	0.111
242	1	146	2	93	6	13	22.026	0.106
243	1	147	2	92	6	12	22.721	0.147
244	1	149	2	91	6	11	21.800	0.109
245	1	150	2	90	6	10	21.819	0.108
246	0	61	2	89	6	9	22.381	0.123
247	1	153	2	88	6	8	22.073	0.118
248	3	28	2	120	8	8	22.900	-1.000
249	3	29	2	121	8	9	22.900	-1.000
250	3	30	2	122	8	10	22.900	-1.000
251	3	31	2	123	8	11	22.900	-1.000
252	1	158	2	123	8	11	22.814	0.139
253	0	63	2	122	8	10	22.463	0.116
254	1	155	2	121	8	9	22.401	0.132
255	1	154	2	120	8	8	22.135	0.122
256	0	78	3	7	1	7	22.657	0.118
257	1	196	3	6	1	6	22.947	0.084
258	1	197	3	5	1	5	22.968	0.080
259	1	199	3	4	1	4	23.967	0.075
260	1	200	3	3	1	3	22.645	0.079
261	0	81	3	2	1	2	22.435	0.127
262	1	203	3	1	1	1	22.358	0.079
263	0	82	3	0	1	0	21.436	0.129
264	1	192	3	39	3	7	22.061	0.070
265	1	191	3	38	3	6	23.734	0.093
266	0	76	3	37	3	5	23.464	0.116
267	1	188	3	36	3	4	24.379	0.080
268	0	75	3	35	3	3	23.195	0.116
269	1	185	3	34	3	2	22.170	0.079
270	1	184	3	33	3	1	22.823	0.076
271	1	182	3	32	3	0	21.992	0.063
272	1	183	3	15	1	15	23.304	0.077
273	0	74	3	14	1	14	22.365	0.107
274	1	186	3	13	1	13	22.519	0.070
275	1	187	3	12	1	12	22.719	0.066
276	1	189	3	11	1	11	22.836	0.079
277	1	190	3	10	1	10	22.946	0.079
278	0	77	3	9	1	9	22.326	0.114
279	1	193	3	8	1	8	22.016	0.065
280	1	204	3	47	3	15	22.669	0.073
281	1	202	3	46	3	14	23.224	0.077
282	1	201	3	45	3	13	23.536	0.075
283	0	80	3	44	3	12	24.272	0.128
284	1	198	3	43	3	11	23.317	0.098
285	0	79	3	42	3	10	23.763	0.120
286	1	195	3	41	3	9	24.064	0.093
287	1	194	3	40	3	8	22.810	0.062
288	0	69	3	23	2	7	21.944	0.103
289	1	173	3	22	2	6	21.540	0.058
290	0	70	3	21	2	5	21.177	0.105
291	1	176	3	20	2	4	22.489	0.069
292	1	177	3	19	2	3	21.349	0.061
293	1	179	3	18	2	2	21.657	0.063
294	1	180	3	17	2	1	21.334	0.053
295	0	73	3	16	2	0	20.098	0.093
296	0	68	3	55	4	7	21.981	0.105
297	1	168	3	54	4	6	22.870	0.061
298	0	67	3	53	4	5	23.466	0.102
299	1	165	3	52	4	4	22.991	0.076
300	1	164	3	51	4	3	22.405	0.076
301	1	162	3	50	4	2	22.153	0.068
302	1	161	3	49	4	1	22.301	0.081
303	0	64	3	48	4	0	21.424	0.074
304	1	160	3	31	2	15	21.830	0.030
305	0	65	3	30	2	14	21.979	0.077
306	1	163	3	29	2	13	21.686	0.069
307	0	66	3	28	2	12	21.997	0.097
308	1	166	3	27	2	11	22.582	0.071
309	1	167	3	26	2	10	22.465	0.063
310	1	169	3	25	2	9	21.404	0.059
311	1	170	3	24	2	8	21.970	0.058
312	1	181	3	63	4	15	21.746	0.069
313	0	72	3	62	4	14	22.331	0.121
314	1	178	3	61	4	13	23.790	0.087
315	0	71	3	60	4	12	24.694	0.120
316	1	175	3	59	4	11	22.456	0.077
317	1	174	3	58	4	10	23.543	0.073
318	1	172	3	57	4	9	22.964	0.074
319	1	171	3	56	4	8	23.083	0.082
320	1	217	3	71	5	7	22.682	0.080
321	1	219	3	70	5	6	22.209	0.069
322	1	220	3	69	5	5	20.969	0.078
323	0	89	3	68	5	4	21.734	0.124
324	1	223	3	67	5	3	21.296	0.069
325	0	90	3	66	5	2	21.477	0.122
326	1	226	3	65	5	1	20.123	0.075
327	1	227	3	64	5	0	20.794	0.081
328	1	215	3	103	7	7	21.887	0.072
329	1	214	3	102	7	6	21.266	0.081
330	1	212	3	101	7	5	22.050	0.081
331	1	211	3	100	7	4	22.379	0.076
332	0	84	3	99	7	3	21.899	0.129
333	1	208	3	98	7	2	21.574	0.078
334	0	83	3	97	7	1	21.147	0.112
335	1	205	3	96	7	0	21.173	0.071
336	1	206	3	79	5	15	21.365	0.077
337	1	207	3	78	5	14	21.269	0.078
338	1	209	3	77	5	13	23.069	0.079
339	1	210	3	76	5	12	22.447	0.073
340	0	85	3	75	5	11	23.236	0.128
341	1	213	3	74	5	10	22.194	0.077
342	0	86	3	73	5	9	22.314	0.135
343	1	216	3	72	5	8	22.186	0.064
344	0	91	3	111	7	15	21.310	0.135
345	1	225	3	110	7	14	21.449	0.067
346	1	224	3	109	7	13	21.688	0.069
347	1	222	3	108	7	12	21.591	0.071
348	1	221	3	107	7	11	22.076	0.077
349	0	88	3	106	7	10	21.096	0.134
350	1	218	3	105	7	9	22.437	0.083
351	0	87	3	104	7	8	21.516	0.130
352	1	240	3	87	6	7	22.274	0.078
353	0	97	3	86	6	6	22.814	0.149
354	1	243	3	85	6	5	21.926	0.074
355	0	98	3	84	6	4	21.275	0.133
356	1	246	3	83	6	3	22.670	0.077
357	1	247	3	82	6	2	21.928	0.082
358	1	249	3	81	6	1	22.316	0.078
359	1	251	3	80	6	0	19.937	0.060
360	1	238	3	119	8	7	23.677	0.092
361	0	95	3	118	8	6	22.510	0.137
362	1	235	3	117	8	5	24.438	0.081
363	1	234	3	116	8	4	23.959	0.085
364	1	232	3	115	8	3	24.307	0.074
365	1	231	3	114	8	2	23.293	0.082
366	0	92	3	113	8	1	21.878	0.133
367	1	228	3	112	8	0	21.802	0.073
368	1	229	3	95	6	15	23.202	0.084
369	1	230	3	94	6	14	24.141	0.080
370	0	93	3	93	6	13	23.729	0.140
371	1	233	3	92	6	12	23.133	0.077
372	0	94	3	91	6	11	24.518	0.151
373	1	236	3	90	6	10	24.112	0.077
374	1	237	3	89	6	9	23.239	0.088
375	1	239	3	88	6	8	22.093	0.066
376	1	250	3	127	8	15	22.567	0.086
377	1	248	3	126	8	14	24.064	0.081
378	0	99	3	125	8	13	23.353	0.166
379	1	245	3	124	8	12	23.950	0.086
380	1	244	3	123	8	11	23.440	0.091
381	1	242	3	122	8	10	22.719	0.065
382	1	241	3	121	8	9	23.446	0.078
383	0	96	3	120	8	8	22.958	0.145
384	0	114	4	7	1	7	21.152	0.095
385	1	288	4	6	1	6	21.875	0.036
386	1	289	4	5	1	5	21.870	0.046
387	1	291	4	4	1	4	21.785	0.040
388	1	292	4	3	1	3	21.688	0.044
389	0	117	4	2	1	2	20.800	0.085
390	1	294	4	1	1	1	21.614	0.062
391	0	118	4	0	1	0	20.329	0.101
392	1	284	4	39	3	7	24.007	0.046
393	1	283	4	38	3	6	24.628	0.046
394	0	112	4	37	3	5	24.262	0.116
395	1	280	4	36	3	4	25.000	0.042
396	0	111	4	35	3	3	23.955	0.096
397	1	277	4	34	3	2	25.025	0.039
398	1	276	4	33	3	1	24.735	0.043
399	1	274	4	32	3	0	23.488	0.038
400	1	275	4	15	1	15	22.144	0.041
401	0	110	4	14	1	14	22.345	0.093
402	1	278	4	13	1	13	22.807	0.040
403	1	279	4	12	1	12	23.010	0.044
404	1	281	4	11	1	11	22.320	0.037
405	1	282	4	10	1	10	23.311	0.043
406	0	113	4	9	1	9	21.254	0.121
407	1	285	4	8	1	8	22.660	0.044
408	1	296	4	47	3	15	23.507	0.051
409	1	295	4	46	3	14	24.288	0.050
410	1	293	4	45	3	13	21.990	0.038
411	0	116	4	44	3	12	23.441	0.131
412	1	290	4	43	3	11	24.372	0.052
413	0	115	4	42	3	10	22.764	0.112
414	1	287	4	41	3	9	24.402	0.043
415	1	286	4	40	3	8	24.232	0.051
416	0	105	4	23	2	7	22.586	0.091
417	1	265	4	22	2	6	23.694	0.040
418	0	106	4	21	2	5	22.524	0.101
419	1	267	4	20	2	4	23.372	0.043
420	1	269	4	19	2	3	22.661	0.035
421	1	271	4	18	2	2	23.488	0.048
422	1	272	4	17	2	1	22.056	0.028
423	0	109	4	16	2	0	22.033	0.120
424	0	104	4	55	4	7	22.600	0.098
425	1	260	4	54	4	6	23.928	0.037
426	0	103	4	53	4	5	22.819	0.113
427	1	257	4	52	4	4	24.101	0.040
428	1	256	4	51	4	3	23.708	0.031
429	1	254	4	50	4	2	22.454	0.034
430	1	253	4	49	4	1	22.676	0.031
431	0	100	4	48	4	0	21.794	0.085
432	1	252	4	31	2	15	22.786	0.044
433	0	101	4	30	2	14	23.213	0.094
434	1	255	4	29	2	13	23.853	0.042
435	0	102	4	28	2	12	23.140	0.103
436	1	258	4	27	2	11	23.102	0.027
437	1	259	4	26	2	10	25.355	0.033
438	1	261	4	25	2	9	23.366	0.041
439	1	262	4	24	2	8	24.368	0.031
440	1	273	4	63	4	15	22.934	0.032
441	0	108	4	62	4	14	22.850	0.109
442	1	270	4	61	4	13	22.370	0.032
443	0	107	4	60	4	12	22.467	0.117
444	1	268	4	59	4	11	25.130	0.050
445	1	266	4	58	4	10	23.633	0.053
446	1	264	4	57	4	9	23.460	0.042
447	1	263	4	56	4	8	23.200	0.039
448	1	309	4	71	5	7	21.811	0.043
449	1	311	4	70	5	6	23.016	0.041
450	1	312	4	69	5	5	23.630	0.044
451	0	125	4	68	5	4	21.917	0.098
452	1	315	4	67	5	3	21.675	0.044
453	0	126	4	66	5	2	21.769	0.099
454	1	318	4	65	5	1	22.596	0.047
455	1	319	4	64	5	0	21.267	0.050
456	1	307	4	103	7	7	22.900	-1.000
457	1	306	4	102	7	6	22.900	-1.000
458	1	304	4	101	7	5	22.900	-1.000
459	1	303	4	100	7	4	22.900	-1.000
460	0	120	4	99	7	3	22.900	-1.000
461	1	300	4	98	7	2	22.900	-1.000
462	0	119	4	97	7	1	22.900	-1.000
463	1	297	4	96	7	0	22.900	-1.000
464	1	298	4	79	5	15	22.534	0.057
465	1	299	4	78	5	14	23.191	0.046
466	1	301	4	77	5	13	23.507	0.042
467	1	302	4	76	5	12	24.083	0.043
468	0	121	4	75	5	11	22.338	0.109
469	1	305	4	74	5	10	23.985	0.047
470	0	122	4	73	5	9	22.179	0.087
471	1	308	4	72	5	8	22.945	0.040
472	0	127	4	111	7	15	22.235	0.129
473	1	317	4	110	7	14	22.885	0.049
474	1	316	4	109	7	13	23.391	0.047
475	1	314	4	108	7	12	23.061	0.051
476	1	313	4	107	7	11	23.489	0.053
477	0	124	4	106	7	10	22.872	0.096
478	1	310	4	105	7	9	23.566	0.040
479	0	123	4	104	7	8	21.968	0.085
480	2	7	4	87	6	7	21.311	0.104
481	0	129	4	86	6	6	20.356	0.109
482	2	8	4	85	6	5	22.819	0.096
483	2	9	4	84	6	4	22.721	0.114
484	0	130	4	83	6	3	20.813	0.103
485	2	10	4	82	6	2	20.709	0.105
486	2	11	4	81	6	1	21.432	0.108
487	0	131	4	80	6	0	20.290	0.096
488	2	18	4	119	8	7	23.116	0.118
489	0	134	4	118	8	6	22.430	0.132
490	2	19	4	117	8	5	23.464	0.116
491	2	20	4	116	8	4	23.531	0.115
492	0	135	4	115	8	3	22.277	0.120
493	2	21	4	114	8	2	22.320	0.105
494	0	136	4	113	8	1	21.950	0.136
495	0	137	4	112	8	0	20.448	0.134
496	2	0	4	95	6	15	20.715	0.151
497	2	1	4	94	6	14	21.954	0.110
498	2	2	4	93	6	13	22.460	0.110
499	2	3	4	92	6	12	21.877	0.110
500	2	4	4	91	6	11	21.564	0.106
501	2	5	4	90	6	10	22.580	0.102
502	0	128	4	89	6	9	21.531	0.101
503	2	6	4	88	6	8	22.168	0.103
504	2	12	4	127	8	15	22.475	0.116
505	2	13	4	126	8	14	21.797	0.108
506	2	14	4	125	8	13	22.666	0.113
507	0	132	4	124	8	12	22.700	0.125
508	2	15	4	123	8	11	22.880	0.118
509	2	16	4	122	8	10	22.657	0.103
510	0	133	4	121	8	9	22.217	0.118
511	2	17	4	120	8	8	23.243	0.107
512	2	55	5	7	1	7	22.662	0.057
513	2	57	5	6	1	6	23.748	0.062
514	2	58	5	5	1	5	22.691	0.060
515	0	155	5	4	1	4	23.646	0.202
516	2	61	5	3	1	3	22.304	0.056
517	2	62	5	2	1	2	22.439	0.052
518	0	157	5	1	1	1	21.953	0.183
519	2	65	5	0	1	0	21.976	0.078
520	2	53	5	39	3	7	22.132	0.063
521	2	52	5	38	3	6	21.624	0.072
522	0	151	5	37	3	5	21.626	0.281
523	2	49	5	36	3	4	23.125	0.091
524	2	48	5	35	3	3	23.349	0.072
525	2	46	5	34	3	2	23.034	0.064
526	2	45	5	33	3	1	21.899	0.083
527	0	148	5	32	3	0	20.999	0.147
528	2	44	5	15	1	15	23.853	0.068
529	0	149	5	14	1	14	24.621	0.176
530	2	47	5	13	1	13	25.732	0.056
531	0	150	5	12	1	12	24.609	0.227
532	2	50	5	11	1	11	23.985	0.081
533	2	51	5	10	1	10	24.605	0.078
534	0	152	5	9	1	9	22.740	0.245
535	2	54	5	8	1	8	24.123	0.062
536	2	64	5	47	3	15	21.439	0.073
537	2	63	5	46	3	14	21.842	0.066
538	0	156	5	45	3	13	21.998	0.176
539	2	60	5	44	3	12	22.282	0.052
540	2	59	5	43	3	11	20.992	0.072
541	0	154	5	42	3	10	21.879	0.165
542	2	56	5	41	3	9	22.086	0.080
543	0	153	5	40	3	8	22.500	0.166
544	2	33	5	23	2	7	22.496	0.077
545	0	144	5	22	2	6	21.741	0.161
546	2	36	5	21	2	5	22.977	0.063
547	2	37	5	20	2	4	23.426	0.059
548	2	39	5	19	2	3	23.295	0.058
549	2	40	5	18	2	2	22.353	0.069
550	0	147	5	17	2	1	22.191	0.156
551	2	43	5	16	2	0	20.877	0.075
552	2	31	5	55	4	7	22.672	0.071
553	2	30	5	54	4	6	23.108	0.072
554	2	28	5	53	4	5	23.779	0.075
555	2	27	5	52	4	4	23.032	0.077
556	0	140	5	51	4	3	23.212	0.151
557	2	24	5	50	4	2	22.944	0.063
558	2	23	5	49	4	1	23.179	0.086
559	0	138	5	48	4	0	21.434	0.152
560	2	22	5	31	2	15	22.842	0.083
561	0	139	5	30	2	14	23.386	0.176
562	2	25	5	29	2	13	23.845	0.083
563	2	26	5	28	2	12	23.974	0.080
564	0	141	5	27	2	11	22.795	0.155
565	2	29	5	26	2	10	23.584	0.074
566	0	142	5	25	2	9	22.815	0.168
567	2	32	5	24	2	8	22.268	0.076
568	2	42	5	63	4	15	22.152	0.084
569	2	41	5	62	4	14	23.181	0.073
570	0	146	5	61	4	13	22.050	0.155
571	2	38	5	60	4	12	22.109	0.061
572	0	145	5	59	4	11	22.019	0.164
573	2	35	5	58	4	10	23.417	0.060
574	2	34	5	57	4	9	22.271	0.066
575	0	143	5	56	4	8	22.903	0.210
576	0	163	5	71	5	7	21.544	0.173
577	2	79	5	70	5	6	22.989	0.066
578	2	80	5	69	5	5	22.888	0.059
579	0	165	5	68	5	4	23.888	0.181
580	2	83	5	67	5	3	22.335	0.068
581	0	166	5	66	5	2	22.009	0.183
582	2	86	5	65	5	1	21.429	0.088
583	2	87	5	64	5	0	20.800	0.072
584	0	162	5	103	7	7	22.488	0.185
585	2	74	5	102	7	6	22.090	0.073
586	0	161	5	101	7	5	21.883	0.148
587	2	71	5	100	7	4	22.666	0.101
588	2	70	5	99	7	3	23.332	0.054
589	0	159	5	98	7	2	22.751	0.186
590	2	67	5	97	7	1	22.437	0.088
591	2	66	5	96	7	0	21.630	0.083
592	0	158	5	79	5	15	21.560	0.163
593	2	68	5	78	5	14	23.481	0.079
594	2	69	5	77	5	13	23.680	0.075
595	0	160	5	76	5	12	22.956	0.160
596	2	72	5	75	5	11	23.839	0.077
597	2	73	5	74	5	10	23.830	0.093
598	2	75	5	73	5	9	22.744	0.067
599	2	76	5	72	5	8	22.954	0.066
600	0	167	5	111	7	15	22.277	0.192
601	2	85	5	110	7	14	22.328	0.052
602	2	84	5	109	7	13	22.207	0.073
603	2	82	5	108	7	12	22.414	0.064
604	2	81	5	107	7	11	22.486	0.050
605	0	164	5	106	7	10	23.054	0.182
606	2	78	5	105	7	9	23.134	0.053
607	2	77	5	104	7	8	23.042	0.075
608	0	173	5	87	6	7	22.250	0.163
609	2	101	5	86	6	6	23.362	0.081
610	0	174	5	85	6	5	22.566	0.174
611	2	104	5	84	6	4	22.401	0.069
612	2	105	5	83	6	3	23.108	0.063
613	0	176	5	82	6	2	22.813	0.217
614	2	108	5	81	6	1	22.011	0.077
615	2	109	5	80	6	0	20.785	0.093
616	0	172	5	119	8	7	22.537	0.198
617	2	96	5	118	8	6	22.317	0.077
618	2	95	5	117	8	5	23.695	0.083
619	0	170	5	116	8	4	23.801	0.182
620	2	92	5	115	8	3	23.338	0.067
621	0	169	5	114	8	2	22.488	0.157
622	2	89	5	113	8	1	22.574	0.091
623	2	88	5	112	8	0	21.904	0.098
624	0	168	5	95	6	15	22.963	0.181
625	2	90	5	94	6	14	24.178	0.090
626	2	91	5	93	6	13	24.234	0.069
627	2	93	5	92	6	12	25.380	0.073
628	2	94	5	91	6	11	24.573	0.075
629	0	171	5	90	6	10	23.510	0.180
630	2	97	5	89	6	9	22.349	0.079
631	2	98	5	88	6	8	23.574	0.062
632	0	177	5	127	8	15	22.033	0.192
633	2	107	5	126	8	14	22.208	0.066
634	2	106	5	125	8	13	21.872	0.074
635	0	175	5	124	8	12	22.630	0.182
636	2	103	5	123	8	11	22.284	0.092
637	2	102	5	122	8	10	22.380	0.060
638	2	100	5	121	8	9	22.135	0.077
639	2	99	5	120	8	8	22.410	0.077
640	2	144	6	7	1	7	20.932	0.131
641	0	193	6	6	1	6	21.892	0.242
642	2	147	6	5	1	5	21.625	0.131
643	0	194	6	4	1	4	21.345	0.251
644	2	150	6	3	1	3	21.379	0.126
645	2	151	6	2	1	2	20.810	0.118
646	0	196	6	1	1	1	20.461	0.242
647	2	154	6	0	1	0	19.657	0.107
648	2	142	6	39	3	7	23.268	0.124
649	2	141	6	38	3	6	22.964	0.129
650	0	190	6	37	3	5	23.226	0.274
651	2	138	6	36	3	4	23.298	0.122
652	0	189	6	35	3	3	23.295	0.258
653	2	135	6	34	3	2	23.566	0.130
654	2	134	6	33	3	1	22.372	0.124
655	0	187	6	32	3	0	21.912	0.244
656	2	133	6	15	1	15	21.639	0.141
657	0	188	6	14	1	14	21.675	0.269
658	2	136	6	13	1	13	22.413	0.128
659	2	137	6	12	1	12	22.626	0.135
660	2	139	6	11	1	11	23.843	0.131
661	2	140	6	10	1	10	22.272	0.140
662	0	191	6	9	1	9	21.598	0.266
663	2	143	6	8	1	8	21.824	0.144
664	2	153	6	47	3	15	23.429	0.122
665	2	152	6	46	3	14	21.548	0.126
666	0	195	6	45	3	13	22.115	0.237
667	2	149	6	44	3	12	23.382	0.144
668	2	148	6	43	3	11	21.920	0.119
669	2	146	6	42	3	10	21.396	0.115
670	2	145	6	41	3	9	21.585	0.122
671	0	192	6	40	3	8	22.872	0.251
672	2	122	6	23	2	7	22.114	0.124
673	0	183	6	22	2	6	21.547	0.232
674	2	125	6	21	2	5	22.835	0.120
675	2	126	6	20	2	4	22.074	0.120
676	0	185	6	19	2	3	22.037	0.244
677	2	129	6	18	2	2	21.745	0.109
678	0	186	6	17	2	1	20.454	0.211
679	2	132	6	16	2	0	20.243	0.116
680	2	120	6	55	4	7	21.786	0.119
681	0	181	6	54	4	6	20.510	0.212
682	2	117	6	53	4	5	22.526	0.134
683	2	116	6	52	4	4	21.660	0.127
684	0	179	6	51	4	3	21.494	0.240
685	2	113	6	50	4	2	21.890	0.125
686	2	112	6	49	4	1	20.731	0.115
687	2	110	6	48	4	0	20.596	0.132
688	2	111	6	31	2	15	21.301	0.119
689	0	178	6	30	2	14	22.492	0.292
690	2	114	6	29	2	13	23.219	0.139
691	2	115	6	28	2	12	22.901	0.134
692	0	180	6	27	2	11	22.712	0.247
693	2	118	6	26	2	10	22.770	0.128
694	2	119	6	25	2	9	21.114	0.114
695	2	121	6	24	2	8	22.229	0.125
696	2	131	6	63	4	15	21.020	0.118
697	2	130	6	62	4	14	19.789	0.110
698	2	128	6	61	4	13	21.712	0.131
699	2	127	6	60	4	12	22.558	0.140
700	0	184	6	59	4	11	20.388	0.210
701	2	124	6	58	4	10	22.214	0.133
702	2	123	6	57	4	9	21.879	0.128
703	0	182	6	56	4	8	21.445	0.223
704	0	202	6	71	5	7	22.394	0.249
705	2	168	6	70	5	6	22.879	0.121
706	2	169	6	69	5	5	21.737	0.118
707	0	204	6	68	5	4	21.235	0.254
708	2	172	6	67	5	3	21.766	0.129
709	2	173	6	66	5	2	21.831	0.129
710	2	175	6	65	5	1	21.513	0.117
711	2	176	6	64	5	0	20.979	0.121
712	2	164	6	103	7	7	21.542	0.116
713	2	163	6	102	7	6	21.616	0.123
714	0	200	6	101	7	5	21.622	0.228
715	2	160	6	100	7	4	22.504	0.132
716	2	159	6	99	7	3	22.391	0.131
717	0	198	6	98	7	2	21.414	0.248
718	2	156	6	97	7	1	22.182	0.119
719	2	155	6	96	7	0	20.339	0.118
720	0	197	6	79	5	15	22.738	0.256
721	2	157	6	78	5	14	23.365	0.130
722	2	158	6	77	5	13	23.694	0.137
723	0	199	6	76	5	12	23.932	0.243
724	2	161	6	75	5	11	21.761	0.120
725	2	162	6	74	5	10	23.022	0.117
726	0	201	6	73	5	9	22.006	0.250
727	2	165	6	72	5	8	22.789	0.132
728	0	206	6	111	7	15	21.294	0.238
729	2	174	6	110	7	14	20.678	0.123
730	0	205	6	109	7	13	20.852	0.235
731	2	171	6	108	7	12	21.812	0.128
732	2	170	6	107	7	11	22.139	0.128
733	0	203	6	106	7	10	22.071	0.247
734	2	167	6	105	7	9	22.249	0.121
735	2	166	6	104	7	8	21.207	0.128
736	0	212	6	87	6	7	23.146	0.264
737	2	190	6	86	6	6	22.000	0.132
738	2	191	6	85	6	5	23.059	0.130
739	2	193	6	84	6	4	21.926	0.134
740	2	194	6	83	6	3	22.168	0.140
741	0	215	6	82	6	2	21.108	0.238
742	2	197	6	81	6	1	21.495	0.144
743	2	198	6	80	6	0	21.397	0.143
744	0	211	6	119	8	7	21.909	0.235
745	2	185	6	118	8	6	22.301	0.127
746	2	184	6	117	8	5	22.366	0.123
747	2	182	6	116	8	4	22.318	0.131
748	2	181	6	115	8	3	22.279	0.124
749	0	208	6	114	8	2	21.831	0.271
750	2	178	6	113	8	1	20.885	0.109
751	2	177	6	112	8	0	21.354	0.123
752	0	207	6	95	6	15	23.318	0.252
753	2	179	6	94	6	14	23.928	0.132
754	2	180	6	93	6	13	23.610	0.137
755	0	209	6	92	6	12	24.186	0.267
756	2	183	6	91	6	11	22.592	0.122
757	0	210	6	90	6	10	23.372	0.250
758	2	186	6	89	6	9	23.645	0.129
759	2	187	6	88	6	8	23.881	0.140
760	0	216	6	127	8	15	20.905	0.235
761	2	196	6	126	8	14	22.448	0.128
762	2	195	6	125	8	13	22.130	0.120
763	0	214	6	124	8	12	21.838	0.247
764	2	192	6	123	8	11	23.585	0.143
765	0	213	6	122	8	10	21.355	0.243
766	2	189	6	121	8	9	22.725	0.132
767	2	188	6	120	8	8	22.455	0.130
768	2	233	7	7	1	7	22.263	0.144
769	2	234	7	6	1	6	22.122	0.144
770	2	236	7	5	1	5	22.519	0.141
771	2	237	7	4	1	4	21.793	0.128
772	0	234	7	3	1	3	22.466	0.472
773	2	240	7	2	1	2	22.176	0.130
774	2	241	7	1	1	1	21.585	0.139
775	0	236	7	0	1	0	21.113	0.456
776	2	231	7	39	3	7	24.168	0.144
777	0	230	7	38	3	6	24.188	0.498
778	2	228	7	37	3	5	24.838	0.170
779	2	227	7	36	3	4	23.924	0.158
780	2	225	7	35	3	3	25.119	0.173
781	2	224	7	34	3	2	24.570	0.168
782	0	227	7	33	3	1	22.405	0.490
783	2	221	7	32	3	0	23.322	0.160
784	2	222	7	15	1	15	20.497	0.145
785	2	223	7	14	1	14	22.787	0.151
786	0	228	7	13	1	13	21.840	0.495
787	2	226	7	12	1	12	23.505	0.166
788	0	229	7	11	1	11	22.900	-1.000
789	2	229	7	10	1	10	22.376	0.154
790	2	230	7	9	1	9	22.945	0.165
791	0	231	7	8	1	8	22.120	0.475
792	2	242	7	47	3	15	23.174	0.173
793	0	235	7	46	3	14	22.900	-1.000
794	2	239	7	45	3	13	25.077	0.162
795	2	238	7	44	3	12	25.008	0.179
796	0	233	7	43	3	11	22.900	-1.000
797	2	235	7	42	3	10	24.588	0.156
798	0	232	7	41	3	9	22.900	-1.000
799	2	232	7	40	3	8	24.279	0.164
800	2	211	7	23	2	7	22.633	0.147
801	2	212	7	22	2	6	22.235	0.158
802	0	223	7	21	2	5	22.569	0.479
803	2	215	7	20	2	4	22.698	0.159
804	2	216	7	19	2	3	23.037	0.153
805	2	218	7	18	2	2	22.716	0.146
806	2	219	7	17	2	1	23.502	0.166
807	0	226	7	16	2	0	20.991	0.460
808	2	209	7	55	4	7	22.011	0.143
809	2	207	7	54	4	6	22.407	0.151
810	2	206	7	53	4	5	22.518	0.153
811	0	219	7	52	4	4	21.673	0.483
812	2	203	7	51	4	3	22.159	0.162
813	2	202	7	50	4	2	22.625	0.160
814	0	217	7	49	4	1	22.303	0.497
815	2	199	7	48	4	0	21.812	0.175
816	2	200	7	31	2	15	23.265	0.177
817	2	201	7	30	2	14	24.453	0.191
818	0	218	7	29	2	13	22.900	-1.000
819	2	204	7	28	2	12	23.635	0.176
820	2	205	7	27	2	11	23.024	0.164
821	0	220	7	26	2	10	22.900	-1.000
822	2	208	7	25	2	9	22.724	0.155
823	0	221	7	24	2	8	22.399	0.478
824	2	220	7	63	4	15	21.377	0.147
825	0	225	7	62	4	14	20.935	0.439
826	2	217	7	61	4	13	21.709	0.151
827	0	224	7	60	4	12	21.846	0.472
828	2	214	7	59	4	11	21.574	0.141
829	2	213	7	58	4	10	21.494	0.153
830	0	222	7	57	4	9	21.189	0.472
831	2	210	7	56	4	8	21.772	0.146
832	2	255	7	71	5	7	23.737	0.137
833	0	242	7	70	5	6	22.900	-1.000
834	2	258	7	69	5	5	23.464	0.155
835	2	259	7	68	5	4	23.153	0.143
836	0	244	7	67	5	3	22.900	-1.000
837	2	262	7	66	5	2	23.713	0.145
838	0	245	7	65	5	1	21.553	0.475
839	2	265	7	64	5	0	21.815	0.136
840	2	253	7	103	7	7	24.996	0.155
841	0	240	7	102	7	6	23.690	0.499
842	2	250	7	101	7	5	24.615	0.147
843	2	249	7	100	7	4	25.478	0.176
844	0	238	7	99	7	3	22.900	-1.000
845	2	246	7	98	7	2	23.707	0.160
846	2	245	7	97	7	1	23.052	0.140
847	2	243	7	96	7	0	21.604	0.147
848	2	244	7	79	5	15	24.176	0.173
849	0	237	7	78	5	14	22.900	-1.000
850	2	247	7	77	5	13	23.683	0.164
851	2	248	7	76	5	12	24.354	0.176
852	0	239	7	75	5	11	23.237	0.486
853	2	251	7	74	5	10	24.863	0.165
854	2	252	7	73	5	9	23.638	0.143
855	2	254	7	72	5	8	24.555	0.163
856	2	264	7	111	7	15	23.576	0.160
857	2	263	7	110	7	14	24.838	0.153
858	2	261	7	109	7	13	24.637	0.153
859	2	260	7	108	7	12	23.141	0.148
860	0	243	7	107	7	11	22.900	-1.000
861	2	257	7	106	7	10	23.817	0.145
862	2	256	7	105	7	9	24.967	0.162
863	0	241	7	104	7	8	22.900	-1.000
864	2	277	7	87	6	7	24.228	0.160
865	0	252	7	86	6	6	22.900	-1.000
866	2	280	7	85	6	5	24.500	0.166
867	0	253	7	84	6	4	22.900	-1.000
868	2	283	7	83	6	3	24.133	0.152
869	2	284	7	82	6	2	24.103	0.161
870	0	255	7	81	6	1	22.900	-1.000
871	2	287	7	80	6	0	22.285	0.237
872	2	275	7	119	8	7	23.733	0.154
873	2	274	7	118	8	6	23.388	0.172
874	0	249	7	117	8	5	22.900	-1.000
875	2	271	7	116	8	4	23.893	0.175
876	0	248	7	115	8	3	22.900	-1.000
877	2	268	7	114	8	2	23.166	0.158
878	2	267	7	113	8	1	23.479	0.157
879	0	246	7	112	8	0	22.900	-1.000
880	2	266	7	95	6	15	23.830	0.155
881	0	247	7	94	6	14	22.900	-1.000
882	2	269	7	93	6	13	25.202	0.172
883	2	270	7	92	6	12	25.441	0.162
884	2	272	7	91	6	11	24.376	0.158
885	2	273	7	90	6	10	25.031	0.177
886	0	250	7	89	6	9	22.367	0.481
887	2	276	7	88	6	8	23.070	0.155
888	2	286	7	127	8	15	23.073	0.177
889	2	285	7	126	8	14	23.966	0.169
890	0	254	7	125	8	13	22.900	-1.000
891	2	282	7	124	8	12	24.104	0.156
892	2	281	7	123	8	11	23.426	0.163
893	2	279	7	122	8	10	23.411	0.147
894	2	278	7	121	8	9	24.542	0.152
895	0	251	7	120	8	8	22.900	-1.000
896	0	271	8	7	1	7	22.114	0.103
897	2	323	8	6	1	6	23.895	0.085
898	0	272	8	5	1	5	22.202	0.114
899	2	326	8	4	1	4	21.289	0.086
900	2	327	8	3	1	3	23.081	0.083
901	0	274	8	2	1	2	20.876	0.107
902	2	330	8	1	1	1	22.299	0.089
903	2	331	8	0	1	0	21.511	0.094
904	0	270	8	39	3	7	23.297	0.119
905	2	318	8	38	3	6	23.110	0.086
906	2	317	8	37	3	5	24.393	0.088
907	0	268	8	36	3	4	23.254	0.124
908	2	314	8	35	3	3	22.877	0.080
909	0	267	8	34	3	2	21.962	0.144
910	2	311	8	33	3	1	21.419	0.084
911	2	310	8	32	3	0	21.541	0.079
912	0	266	8	15	1	15	22.474	0.115
913	2	312	8	14	1	14	24.295	0.074
914	2	313	8	13	1	13	24.712	0.090
915	2	315	8	12	1	12	22.881	0.064
916	2	316	8	11	1	11	23.836	0.083
917	0	269	8	10	1	10	23.979	0.128
918	2	319	8	9	1	9	22.932	0.073
919	2	320	8	8	1	8	23.507	0.085
920	0	275	8	47	3	15	23.051	0.117
921	2	329	8	46	3	14	24.323	0.080
922	2	328	8	45	3	13	24.525	0.077
923	0	273	8	44	3	12	23.046	0.134
924	2	325	8	43	3	11	23.153	0.080
925	2	324	8	42	3	10	23.281	0.086
926	2	322	8	41	3	9	23.839	0.104
927	2	321	8	40	3	8	23.598	0.069
928	0	261	8	23	2	7	21.648	0.110
929	2	301	8	22	2	6	22.993	0.087
930	2	302	8	21	2	5	20.832	0.073
931	0	263	8	20	2	4	21.571	0.119
932	2	305	8	19	2	3	21.814	0.110
933	0	264	8	18	2	2	20.904	0.103
934	2	308	8	17	2	1	21.850	0.080
935	2	309	8	16	2	0	21.042	0.088
936	0	260	8	55	4	7	22.347	0.129
937	2	296	8	54	4	6	23.348	0.094
938	0	259	8	53	4	5	23.671	0.132
939	2	293	8	52	4	4	24.273	0.093
940	2	292	8	51	4	3	23.333	0.082
941	0	257	8	50	4	2	22.816	0.125
942	2	289	8	49	4	1	22.791	0.080
943	2	288	8	48	4	0	21.317	0.083
944	0	256	8	31	2	15	21.909	0.162
945	2	290	8	30	2	14	23.221	0.097
946	2	291	8	29	2	13	23.729	0.075
947	0	258	8	28	2	12	22.450	0.135
948	2	294	8	27	2	11	22.050	0.074
949	2	295	8	26	2	10	22.362	0.095
950	2	297	8	25	2	9	21.909	0.074
951	2	298	8	24	2	8	22.168	0.093
952	0	265	8	63	4	15	22.102	0.101
953	2	307	8	62	4	14	23.740	0.087
954	2	306	8	61	4	13	23.057	0.097
955	2	304	8	60	4	12	22.862	0.096
956	2	303	8	59	4	11	22.785	0.079
957	0	262	8	58	4	10	22.058	0.123
958	2	300	8	57	4	9	23.379	0.104
959	2	299	8	56	4	8	22.739	0.097
960	2	344	8	71	5	7	23.558	0.074
961	2	345	8	70	5	6	23.528	0.106
962	0	282	8	69	5	5	23.671	0.123
963	2	348	8	68	5	4	22.882	0.094
964	2	349	8	67	5	3	22.977	0.095
965	2	351	8	66	5	2	22.642	0.075
966	2	352	8	65	5	1	23.410	0.091
967	0	285	8	64	5	0	21.517	0.112
968	2	342	8	103	7	7	22.769	0.068
969	2	340	8	102	7	6	22.431	0.076
970	2	339	8	101	7	5	23.479	0.057
971	0	278	8	100	7	4	22.939	0.092
972	2	336	8	99	7	3	22.666	0.090
973	2	335	8	98	7	2	22.023	0.080
974	0	276	8	97	7	1	21.708	0.103
975	2	332	8	96	7	0	21.125	0.073
976	2	333	8	79	5	15	23.312	0.091
977	2	334	8	78	5	14	23.042	0.082
978	0	277	8	77	5	13	24.364	0.108
979	2	337	8	76	5	12	23.681	0.087
980	2	338	8	75	5	11	24.551	0.085
981	0	279	8	74	5	10	22.757	0.105
982	2	341	8	73	5	9	23.308	0.095
983	0	280	8	72	5	8	23.051	0.103
984	2	353	8	111	7	15	21.654	0.083
985	0	284	8	110	7	14	21.139	0.103
986	2	350	8	109	7	13	22.727	0.077
987	0	283	8	108	7	12	21.695	0.084
988	2	347	8	107	7	11	23.079	0.088
989	2	346	8	106	7	10	22.684	0.084
990	0	281	8	105	7	9	22.773	0.089
991	2	343	8	104	7	8	22.841	0.083
992	2	366	8	87	6	7	22.896	0.080
993	2	367	8	86	6	6	23.010	0.115
994	2	369	8	85	6	5	22.413	0.087
995	2	370	8	84	6	4	23.148	0.098
996	0	293	8	83	6	3	22.247	0.120
997	2	373	8	82	6	2	21.597	0.092
998	2	374	8	81	6	1	21.713	0.100
999	0	295	8	80	6	0	20.457	0.079
1000	2	364	8	119	8	7	23.566	0.111
1001	0	289	8	118	8	6	22.434	0.094
1002	2	361	8	117	8	5	23.580	0.074
1003	2	360	8	116	8	4	23.524	0.094
1004	2	358	8	115	8	3	23.284	0.089
1005	2	357	8	114	8	2	23.380	0.090
1006	0	286	8	113	8	1	21.978	0.072
1007	2	354	8	112	8	0	21.483	0.071
1008	2	355	8	95	6	15	23.318	0.110
1009	2	356	8	94	6	14	23.767	0.080
1010	0	287	8	93	6	13	23.166	0.084
1011	2	359	8	92	6	12	24.458	0.063
1012	0	288	8	91	6	11	22.823	0.082
1013	2	362	8	90	6	10	23.224	0.093
1014	2	363	8	89	6	9	22.816	0.089
1015	0	290	8	88	6	8	22.040	0.081
1016	2	375	8	127	8	15	22.408	0.083
1017	0	294	8	126	8	14	22.515	0.079
1018	2	372	8	125	8	13	23.319	0.104
1019	2	371	8	124	8	12	23.733	0.096
1020	0	292	8	123	8	11	22.016	0.085
1021	2	368	8	122	8	10	23.728	0.103
1022	0	291	8	121	8	9	24.255	0.115
1023	2	365	8	120	8	8	23.306	0.091
1024	0	311	9	7	1	7	22.680	0.202
1025	2	411	9	6	1	6	23.643	0.232
1026	0	312	9	5	1	5	23.614	0.198
1027	2	414	9	4	1	4	23.848	0.235
1028	2	415	9	3	1	3	23.775	0.251
1029	0	314	9	2	1	2	22.254	0.190
1030	2	418	9	1	1	1	23.275	0.242
1031	2	419	9	0	1	0	23.900	0.242
1032	0	310	9	39	3	7	23.172	0.219
1033	2	406	9	38	3	6	23.692	0.236
1034	2	405	9	37	3	5	22.834	0.237
1035	0	308	9	36	3	4	23.068	0.220
1036	2	402	9	35	3	3	22.884	0.230
1037	0	307	9	34	3	2	22.721	0.215
1038	2	399	9	33	3	1	23.442	0.239
1039	2	398	9	32	3	0	22.362	0.226
1040	0	306	9	15	1	15	24.540	0.246
1041	2	400	9	14	1	14	23.077	0.237
1042	2	401	9	13	1	13	24.081	0.238
1043	2	403	9	12	1	12	24.730	0.246
1044	2	404	9	11	1	11	23.910	0.239
1045	0	309	9	10	1	10	22.535	0.210
1046	2	407	9	9	1	9	23.177	0.232
1047	2	408	9	8	1	8	23.954	0.229
1048	0	315	9	47	3	15	23.537	0.210
1049	2	417	9	46	3	14	24.926	0.255
1050	2	416	9	45	3	13	23.603	0.227
1051	0	313	9	44	3	12	24.772	0.248
1052	2	413	9	43	3	11	25.470	0.251
1053	2	412	9	42	3	10	25.342	0.250
1054	2	410	9	41	3	9	23.991	0.247
1055	2	409	9	40	3	8	23.835	0.244
1056	0	301	9	23	2	7	23.210	0.241
1057	2	389	9	22	2	6	22.754	0.230
1058	2	390	9	21	2	5	24.279	0.251
1059	0	303	9	20	2	4	22.971	0.250
1060	2	393	9	19	2	3	24.005	0.231
1061	0	304	9	18	2	2	22.688	0.240
1062	2	396	9	17	2	1	22.458	0.255
1063	2	397	9	16	2	0	22.855	0.229
1064	0	300	9	55	4	7	22.816	0.258
1065	2	384	9	54	4	6	23.936	0.241
1066	0	299	9	53	4	5	23.333	0.258
1067	2	381	9	52	4	4	24.377	0.248
1068	2	380	9	51	4	3	24.409	0.248
1069	0	297	9	50	4	2	22.626	0.257
1070	2	377	9	49	4	1	23.588	0.239
1071	2	376	9	48	4	0	21.844	0.216
1072	0	296	9	31	2	15	23.501	0.260
1073	2	378	9	30	2	14	24.739	0.263
1074	2	379	9	29	2	13	24.580	0.255
1075	0	298	9	28	2	12	24.709	0.280
1076	2	382	9	27	2	11	24.973	0.258
1077	2	383	9	26	2	10	24.793	0.248
1078	2	385	9	25	2	9	24.382	0.257
1079	2	386	9	24	2	8	24.571	0.250
1080	0	305	9	63	4	15	23.524	0.260
1081	2	395	9	62	4	14	24.961	0.297
1082	2	394	9	61	4	13	26.114	0.279
1083	2	392	9	60	4	12	26.099	0.277
1084	2	391	9	59	4	11	24.456	0.254
1085	0	302	9	58	4	10	25.148	0.279
1086	2	388	9	57	4	9	24.812	0.242
1087	2	387	9	56	4	8	24.449	0.246
1088	2	432	9	71	5	7	24.725	0.251
1089	2	433	9	70	5	6	24.788	0.259
1090	0	322	9	69	5	5	23.437	0.186
1091	2	436	9	68	5	4	24.036	0.240
1092	2	437	9	67	5	3	23.987	0.241
1093	2	439	9	66	5	2	23.341	0.223
1094	2	440	9	65	5	1	23.216	0.242
1095	0	325	9	64	5	0	21.905	0.156
1096	2	430	9	103	7	7	24.943	0.243
1097	2	428	9	102	7	6	24.129	0.234
1098	2	427	9	101	7	5	23.640	0.232
1099	0	318	9	100	7	4	24.097	0.212
1100	2	424	9	99	7	3	23.792	0.233
1101	2	423	9	98	7	2	24.163	0.246
1102	0	316	9	97	7	1	22.330	0.171
1103	2	420	9	96	7	0	22.064	0.222
1104	2	421	9	79	5	15	25.429	0.271
1105	2	422	9	78	5	14	24.263	0.229
1106	0	317	9	77	5	13	24.310	0.217
1107	2	425	9	76	5	12	25.077	0.243
1108	2	426	9	75	5	11	26.410	0.271
1109	0	319	9	74	5	10	24.234	0.204
1110	2	429	9	73	5	9	23.916	0.234
1111	0	320	9	72	5	8	24.611	0.209
1112	2	441	9	111	7	15	24.239	0.241
1113	0	324	9	110	7	14	23.022	0.184
1114	2	438	9	109	7	13	25.094	0.249
1115	0	323	9	108	7	12	23.368	0.186
1116	2	435	9	107	7	11	25.352	0.248
1117	2	434	9	106	7	10	24.351	0.245
1118	0	321	9	105	7	9	24.455	0.195
1119	2	431	9	104	7	8	24.870	0.245
1120	2	454	9	87	6	7	23.605	0.230
1121	2	455	9	86	6	6	22.829	0.217
1122	2	457	9	85	6	5	23.908	0.233
1123	2	458	9	84	6	4	22.521	0.227
1124	0	333	9	83	6	3	23.525	0.176
1125	2	461	9	82	6	2	23.454	0.235
1126	2	462	9	81	6	1	22.216	0.227
1127	0	335	9	80	6	0	21.359	0.137
1128	2	452	9	119	8	7	23.791	0.235
1129	0	329	9	118	8	6	23.534	0.155
1130	2	449	9	117	8	5	25.481	0.259
1131	2	448	9	116	8	4	24.139	0.239
1132	2	446	9	115	8	3	24.004	0.237
1133	2	445	9	114	8	2	23.822	0.238
1134	0	326	9	113	8	1	23.691	0.177
1135	2	442	9	112	8	0	22.246	0.206
1136	2	443	9	95	6	15	24.082	0.232
1137	2	444	9	94	6	14	24.756	0.241
1138	0	327	9	93	6	13	24.713	0.163
1139	2	447	9	92	6	12	24.073	0.235
1140	0	328	9	91	6	11	24.076	0.170
1141	2	450	9	90	6	10	24.127	0.235
1142	2	451	9	89	6	9	24.464	0.238
1143	0	330	9	88	6	8	23.447	0.158
1144	2	463	9	127	8	15	23.401	0.283
1145	0	334	9	126	8	14	23.042	0.150
1146	2	460	9	125	8	13	23.148	0.232
1147	2	459	9	124	8	12	25.171	0.256
1148	0	332	9	123	8	11	23.466	0.167
1149	2	456	9	122	8	10	23.940	0.238
1150	0	331	9	121	8	9	23.362	0.175
1151	2	453	9	120	8	8	23.549	0.236
1152	0	351	10	7	1	7	22.429	0.067
1153	2	499	10	6	1	6	23.139	0.158
1154	0	352	10	5	1	5	21.990	0.056
1155	2	502	10	4	1	4	23.334	0.132
1156	2	503	10	3	1	3	23.769	0.141
1157	0	354	10	2	1	2	22.561	0.056
1158	2	506	10	1	1	1	21.530	0.122
1159	2	507	10	0	1	0	21.716	0.137
1160	0	350	10	39	3	7	23.653	0.066
1161	2	494	10	38	3	6	24.337	0.149
1162	2	493	10	37	3	5	25.486	0.159
1163	0	348	10	36	3	4	23.990	0.089
1164	2	490	10	35	3	3	24.400	0.159
1165	0	347	10	34	3	2	24.100	0.073
1166	2	487	10	33	3	1	23.709	0.155
1167	2	486	10	32	3	0	20.879	0.160
1168	0	346	10	15	1	15	23.199	0.077
1169	2	488	10	14	1	14	22.551	0.153
1170	2	489	10	13	1	13	22.219	0.150
1171	2	491	10	12	1	12	22.823	0.162
1172	2	492	10	11	1	11	23.653	0.156
1173	0	349	10	10	1	10	23.712	0.070
1174	2	495	10	9	1	9	22.998	0.154
1175	2	496	10	8	1	8	23.457	0.156
1176	0	355	10	47	3	15	24.178	0.071
1177	2	505	10	46	3	14	23.401	0.137
1178	2	504	10	45	3	13	25.110	0.160
1179	0	353	10	44	3	12	25.094	0.068
1180	2	501	10	43	3	11	24.800	0.152
1181	2	500	10	42	3	10	24.180	0.139
1182	2	498	10	41	3	9	25.253	0.154
1183	2	497	10	40	3	8	24.595	0.151
1184	0	341	10	23	2	7	24.466	0.099
1185	2	477	10	22	2	6	23.435	0.158
1186	2	478	10	21	2	5	24.137	0.142
1187	0	343	10	20	2	4	23.742	0.088
1188	2	481	10	19	2	3	22.775	0.143
1189	0	344	10	18	2	2	23.358	0.079
1190	2	484	10	17	2	1	23.072	0.146
1191	2	485	10	16	2	0	22.092	0.174
1192	0	340	10	55	4	7	23.094	0.085
1193	2	472	10	54	4	6	23.241	0.145
1194	0	339	10	53	4	5	24.289	0.095
1195	2	469	10	52	4	4	22.137	0.137
1196	2	468	10	51	4	3	23.643	0.146
1197	0	337	10	50	4	2	23.847	0.109
1198	2	465	10	49	4	1	22.829	0.137
1199	2	464	10	48	4	0	21.217	0.049
1200	0	336	10	31	2	15	24.181	0.083
1201	2	466	10	30	2	14	25.202	0.155
1202	2	467	10	29	2	13	25.593	0.166
1203	0	338	10	28	2	12	24.993	0.101
1204	2	470	10	27	2	11	25.210	0.157
1205	2	471	10	26	2	10	24.966	0.154
1206	2	473	10	25	2	9	24.321	0.166
1207	2	474	10	24	2	8	23.841	0.162
1208	0	345	10	63	4	15	22.532	0.077
1209	2	483	10	62	4	14	23.182	0.147
1210	2	482	10	61	4	13	23.337	0.144
1211	2	480	10	60	4	12	22.932	0.152
1212	2	479	10	59	4	11	23.833	0.152
1213	0	342	10	58	4	10	23.539	0.093
1214	2	476	10	57	4	9	24.033	0.146
1215	2	475	10	56	4	8	23.020	0.136
1216	2	520	10	71	5	7	24.549	0.143
1217	2	521	10	70	5	6	24.621	0.145
1218	0	362	10	69	5	5	23.375	0.046
1219	2	524	10	68	5	4	23.774	0.125
1220	2	525	10	67	5	3	24.011	0.123
1221	2	527	10	66	5	2	23.686	0.124
1222	2	528	10	65	5	1	23.075	0.117
1223	0	365	10	64	5	0	22.810	0.038
1224	2	518	10	103	7	7	22.643	0.133
1225	2	516	10	102	7	6	22.727	0.138
1226	2	515	10	101	7	5	21.999	0.139
1227	0	358	10	100	7	4	22.825	0.059
1228	2	512	10	99	7	3	23.753	0.134
1229	2	511	10	98	7	2	22.449	0.130
1230	0	356	10	97	7	1	21.884	0.061
1231	2	508	10	96	7	0	21.769	0.137
1232	2	509	10	79	5	15	23.891	0.130
1233	2	510	10	78	5	14	24.446	0.133
1234	0	357	10	77	5	13	24.912	0.060
1235	2	513	10	76	5	12	25.301	0.137
1236	2	514	10	75	5	11	24.317	0.138
1237	0	359	10	74	5	10	25.449	0.058
1238	2	517	10	73	5	9	23.370	0.129
1239	0	360	10	72	5	8	24.588	0.052
1240	2	529	10	111	7	15	22.430	0.137
1241	0	364	10	110	7	14	22.673	0.042
1242	2	526	10	109	7	13	21.945	0.139
1243	0	363	10	108	7	12	21.643	0.041
1244	2	523	10	107	7	11	21.464	0.129
1245	2	522	10	106	7	10	21.979	0.141
1246	0	361	10	105	7	9	23.185	0.051
1247	2	519	10	104	7	8	22.986	0.125
1248	2	542	10	87	6	7	23.232	0.128
1249	2	543	10	86	6	6	22.824	0.132
1250	2	545	10	85	6	5	23.123	0.127
1251	2	546	10	84	6	4	22.892	0.123
1252	0	373	10	83	6	3	22.228	0.020
1253	2	549	10	82	6	2	22.134	0.131
1254	2	550	10	81	6	1	21.787	0.131
1255	2	552	10	80	6	0	21.083	0.140
1256	2	540	10	119	8	7	23.613	0.134
1257	0	369	10	118	8	6	23.294	0.035
1258	2	537	10	117	8	5	23.122	0.122
1259	2	536	10	116	8	4	24.214	0.137
1260	2	534	10	115	8	3	23.437	0.136
1261	2	533	10	114	8	2	22.817	0.119
1262	0	366	10	113	8	1	22.459	0.035
1263	2	530	10	112	8	0	21.045	0.133
1264	2	531	10	95	6	15	22.780	0.138
1265	2	532	10	94	6	14	24.821	0.135
1266	0	367	10	93	6	13	24.982	0.050
1267	2	535	10	92	6	12	23.611	0.132
1268	0	368	10	91	6	11	24.116	0.032
1269	2	538	10	90	6	10	23.752	0.122
1270	2	539	10	89	6	9	23.681	0.124
1271	0	370	10	88	6	8	23.223	0.025
1272	2	551	10	127	8	15	23.705	0.152
1273	0	374	10	126	8	14	23.487	0.036
1274	2	548	10	125	8	13	24.865	0.152
1275	2	547	10	124	8	12	24.389	0.140
1276	0	372	10	123	8	11	23.695	0.023
1277	2	544	10	122	8	10	24.256	0.133
1278	0	371	10	121	8	9	23.366	0.027
1279	2	541	10	120	8	8	23.148	0.129
1280	1	622	11	7	1	7	24.271	0.142
1281	1	620	11	6	1	6	22.938	0.136
1282	1	618	11	5	1	5	22.912	0.146
1283	1	616	11	4	1	4	22.426	0.136
1284	1	614	11	3	1	3	22.935	0.143
1285	1	612	11	2	1	2	24.250	0.163
1286	1	610	11	1	1	1	23.764	0.135
1287	1	608	11	0	1	0	21.241	0.120
1288	1	625	11	39	3	7	23.417	0.148
1289	1	627	11	38	3	6	24.480	0.158
1290	1	629	11	37	3	5	25.219	0.148
1291	1	631	11	36	3	4	24.718	0.142
1292	1	633	11	35	3	3	22.875	0.130
1293	1	635	11	34	3	2	24.751	0.150
1294	1	637	11	33	3	1	23.821	0.152
1295	1	639	11	32	3	0	23.389	0.248
1296	1	638	11	15	1	15	24.805	0.182
1297	1	636	11	14	1	14	23.846	0.161
1298	1	634	11	13	1	13	25.233	0.147
1299	1	632	11	12	1	12	24.517	0.145
1300	1	630	11	11	1	11	25.528	0.144
1301	1	628	11	10	1	10	24.755	0.136
1302	1	626	11	9	1	9	22.260	0.130
1303	1	624	11	8	1	8	23.178	0.132
1304	1	609	11	47	3	15	23.349	0.132
1305	1	611	11	46	3	14	24.336	0.151
1306	1	613	11	45	3	13	24.664	0.144
1307	1	615	11	44	3	12	24.401	0.152
1308	1	617	11	43	3	11	25.081	0.154
1309	1	619	11	42	3	10	24.862	0.156
1310	1	621	11	41	3	9	24.621	0.153
1311	1	623	11	40	3	8	24.813	0.149
1312	2	569	11	23	2	7	23.187	0.144
1313	0	383	11	22	2	6	22.900	-1.000
1314	2	570	11	21	2	5	22.696	0.151
1315	2	571	11	20	2	4	23.529	0.156
1316	2	572	11	19	2	3	23.533	0.157
1317	2	573	11	18	2	2	20.916	0.145
1318	2	574	11	17	2	1	20.780	0.146
1319	2	575	11	16	2	0	21.617	0.207
1320	2	558	11	55	4	7	24.451	0.174
1321	0	378	11	54	4	6	22.900	-1.000
1322	2	559	11	53	4	5	25.148	0.170
1323	2	560	11	52	4	4	25.669	0.174
1324	0	379	11	51	4	3	22.900	-1.000
1325	2	561	11	50	4	2	25.392	0.158
1326	2	562	11	49	4	1	23.161	0.161
1327	2	563	11	48	4	0	23.771	0.180
1328	0	380	11	31	2	15	22.900	-1.000
1329	2	564	11	30	2	14	24.047	0.202
1330	2	565	11	29	2	13	22.900	-1.000
1331	0	381	11	28	2	12	22.900	-1.000
1332	2	566	11	27	2	11	24.227	0.210
1333	2	567	11	26	2	10	24.716	0.159
1334	0	382	11	25	2	9	22.900	-1.000
1335	2	568	11	24	2	8	22.431	0.152
1336	0	375	11	63	4	15	24.292	0.032
1337	2	553	11	62	4	14	24.330	0.165
1338	2	554	11	61	4	13	24.995	0.162
1339	0	376	11	60	4	12	25.254	0.026
1340	2	555	11	59	4	11	26.531	0.185
1341	2	556	11	58	4	10	24.721	0.173
1342	0	377	11	57	4	9	25.139	0.025
1343	2	557	11	56	4	8	24.186	0.157
1344	1	590	11	71	5	7	22.056	0.117
1345	1	588	11	70	5	6	22.358	0.126
1346	1	586	11	69	5	5	22.444	0.125
1347	1	584	11	68	5	4	21.828	0.120
1348	1	582	11	67	5	3	22.684	0.125
1349	1	580	11	66	5	2	20.185	0.111
1350	1	578	11	65	5	1	21.646	0.123
1351	1	576	11	64	5	0	19.637	0.041
1352	1	593	11	103	7	7	22.135	0.124
1353	1	595	11	102	7	6	22.877	0.122
1354	1	597	11	101	7	5	23.044	0.136
1355	1	599	11	100	7	4	22.508	0.125
1356	1	601	11	99	7	3	22.918	0.133
1357	1	603	11	98	7	2	21.577	0.120
1358	1	605	11	97	7	1	21.826	0.119
1359	1	607	11	96	7	0	21.533	0.128
1360	1	606	11	79	5	15	24.048	0.134
1361	1	604	11	78	5	14	24.993	0.141
1362	1	602	11	77	5	13	24.438	0.136
1363	1	600	11	76	5	12	24.276	0.141
1364	1	598	11	75	5	11	21.304	0.158
1365	1	596	11	74	5	10	23.754	0.125
1366	1	594	11	73	5	9	22.233	0.124
1367	1	592	11	72	5	8	22.510	0.129
1368	1	577	11	111	7	15	21.490	0.111
1369	1	579	11	110	7	14	22.051	0.109
1370	1	581	11	109	7	13	21.728	0.119
1371	1	583	11	108	7	12	22.896	0.131
1372	1	585	11	107	7	11	21.940	0.125
1373	1	587	11	106	7	10	23.207	0.119
1374	1	589	11	105	7	9	21.802	0.112
1375	1	591	11	104	7	8	22.443	0.124
1376	3	32	11	96	7	0	22.900	-1.000
1377	3	33	11	97	7	1	22.900	-1.000
1378	3	34	11	98	7	2	22.900	-1.000
1379	3	35	11	99	7	3	22.900	-1.000
1380	3	36	11	100	7	4	22.900	-1.000
1381	3	37	11	101	7	5	22.900	-1.000
1382	3	38	11	102	7	6	22.900	-1.000
1383	3	39	11	103	7	7	22.900	-1.000
1384	3	40	11	104	7	8	22.900	-1.000
1385	3	41	11	105	7	9	22.900	-1.000
1386	3	42	11	106	7	10	22.900	-1.000
1387	3	43	11	107	7	11	22.900	-1.000
1388	3	44	11	108	7	12	22.900	-1.000
1389	3	45	11	109	7	13	22.900	-1.000
1390	3	46	11	110	7	14	22.900	-1.000
1391	3	47	11	111	7	15	22.900	-1.000
1392	3	48	11	112	8	0	22.900	-1.000
1393	3	49	11	113	8	1	22.900	-1.000
1394	3	50	11	114	8	2	22.900	-1.000
1395	3	51	11	115	8	3	22.900	-1.000
1396	3	52	11	116	8	4	22.900	-1.000
1397	3	53	11	117	8	5	22.900	-1.000
1398	3	54	11	118	8	6	22.900	-1.000
1399	3	55	11	119	8	7	22.900	-1.000
1400	3	56	11	120	8	8	22.900	-1.000
1401	3	57	11	121	8	9	22.900	-1.000
1402	3	58	11	122	8	10	22.900	-1.000
1403	3	59	11	123	8	11	22.900	-1.000
1404	3	60	11	124	8	12	22.900	-1.000
1405	3	61	11	125	8	13	22.900	-1.000
1406	3	62	11	126	8	14	22.900	-1.000
1407	3	63	11	127	8	15	22.900	-1.000
1408	1	526	12	7	1	7	22.847	0.122
1409	1	524	12	6	1	6	22.777	0.109
1410	1	522	12	5	1	5	22.748	0.116
1411	1	520	12	4	1	4	22.754	0.120
1412	1	518	12	3	1	3	23.066	0.112
1413	1	516	12	2	1	2	23.480	0.117
1414	1	514	12	1	1	1	22.126	0.107
1415	1	512	12	0	1	0	21.113	0.099
1416	1	529	12	39	3	7	23.435	0.117
1417	1	531	12	38	3	6	22.383	0.121
1418	1	533	12	37	3	5	23.813	0.129
1419	1	535	12	36	3	4	23.815	0.146
1420	1	537	12	35	3	3	23.020	0.124
1421	1	539	12	34	3	2	23.261	0.126
1422	1	541	12	33	3	1	22.003	0.108
1423	1	543	12	32	3	0	22.109	0.105
1424	1	542	12	15	1	15	21.337	0.110
1425	1	540	12	14	1	14	23.200	0.086
1426	1	538	12	13	1	13	23.771	0.128
1427	1	536	12	12	1	12	21.712	0.058
1428	1	534	12	11	1	11	22.877	0.130
1429	1	532	12	10	1	10	22.325	0.118
1430	1	530	12	9	1	9	23.360	0.117
1431	1	528	12	8	1	8	22.515	0.127
1432	1	513	12	47	3	15	21.279	0.127
1433	1	515	12	46	3	14	23.026	0.116
1434	1	517	12	45	3	13	22.256	0.133
1435	1	519	12	44	3	12	22.721	0.101
1436	1	521	12	43	3	11	23.047	0.112
1437	1	523	12	42	3	10	22.438	0.116
1438	1	525	12	41	3	9	23.536	0.098
1439	1	527	12	40	3	8	23.218	0.110
1440	1	558	12	23	2	7	22.562	0.108
1441	1	556	12	22	2	6	22.445	0.103
1442	1	554	12	21	2	5	23.061	0.113
1443	1	552	12	20	2	4	23.647	0.110
1444	1	550	12	19	2	3	22.825	0.099
1445	1	548	12	18	2	2	22.403	0.095
1446	1	546	12	17	2	1	21.329	0.110
1447	1	544	12	16	2	0	21.468	0.116
1448	1	561	12	55	4	7	22.633	0.113
1449	1	563	12	54	4	6	23.179	0.114
1450	1	565	12	53	4	5	24.112	0.121
1451	1	567	12	52	4	4	23.644	0.116
1452	1	569	12	51	4	3	23.540	0.107
1453	1	571	12	50	4	2	22.075	0.118
1454	1	573	12	49	4	1	23.556	0.100
1455	1	575	12	48	4	0	20.647	0.117
1456	1	574	12	31	2	15	23.458	0.103
1457	1	572	12	30	2	14	24.183	0.103
1458	1	570	12	29	2	13	24.964	0.111
1459	1	568	12	28	2	12	23.537	0.108
1460	1	566	12	27	2	11	23.531	0.110
1461	1	564	12	26	2	10	24.447	0.113
1462	1	562	12	25	2	9	22.351	0.106
1463	1	560	12	24	2	8	23.246	0.095
1464	1	545	12	63	4	15	20.887	0.098
1465	1	547	12	62	4	14	22.712	0.128
1466	1	549	12	61	4	13	23.403	0.105
1467	1	551	12	60	4	12	22.241	0.102
1468	1	553	12	59	4	11	22.377	0.118
1469	1	555	12	58	4	10	23.622	0.114
1470	1	557	12	57	4	9	22.926	0.109
1471	1	559	12	56	4	8	21.432	0.105
1472	1	494	12	71	5	7	23.941	0.109
1473	1	492	12	70	5	6	22.548	0.116
1474	1	490	12	69	5	5	22.755	0.127
1475	1	488	12	68	5	4	22.373	0.127
1476	1	486	12	67	5	3	22.622	0.131
1477	1	484	12	66	5	2	20.840	0.121
1478	1	482	12	65	5	1	21.947	0.118
1479	1	480	12	64	5	0	21.424	0.122
1480	1	497	12	103	7	7	21.749	0.120
1481	1	499	12	102	7	6	23.796	0.127
1482	1	501	12	101	7	5	24.029	0.144
1483	1	503	12	100	7	4	23.930	0.136
1484	1	505	12	99	7	3	23.979	0.129
1485	1	507	12	98	7	2	24.480	0.119
1486	1	509	12	97	7	1	23.385	0.116
1487	1	511	12	96	7	0	22.077	0.112
1488	1	510	12	79	5	15	23.050	0.115
1489	1	508	12	78	5	14	23.932	0.139
1490	1	506	12	77	5	13	23.700	0.107
1491	1	504	12	76	5	12	23.822	0.142
1492	1	502	12	75	5	11	24.541	0.124
1493	1	500	12	74	5	10	24.520	0.153
1494	1	498	12	73	5	9	24.073	0.118
1495	1	496	12	72	5	8	23.938	0.143
1496	1	481	12	111	7	15	23.465	0.109
1497	1	483	12	110	7	14	23.132	0.125
1498	1	485	12	109	7	13	23.183	0.113
1499	1	487	12	108	7	12	23.357	0.123
1500	1	489	12	107	7	11	23.007	0.123
1501	1	491	12	106	7	10	23.516	0.120
1502	1	493	12	105	7	9	24.170	0.126
1503	1	495	12	104	7	8	24.268	0.122
1504	1	462	12	87	6	7	22.412	0.130
1505	1	460	12	86	6	6	23.965	0.137
1506	1	458	12	85	6	5	23.709	0.130
1507	1	456	12	84	6	4	24.141	0.133
1508	1	454	12	83	6	3	23.004	0.146
1509	1	452	12	82	6	2	23.415	0.131
1510	1	450	12	81	6	1	21.666	0.118
1511	1	448	12	80	6	0	21.494	0.093
1512	1	465	12	119	8	7	22.457	0.115
1513	1	467	12	118	8	6	23.269	0.122
1514	1	469	12	117	8	5	23.572	0.133
1515	1	471	12	116	8	4	23.921	0.129
1516	1	473	12	115	8	3	23.679	0.139
1517	1	475	12	114	8	2	23.512	0.127
1518	1	477	12	113	8	1	23.101	0.126
1519	1	479	12	112	8	0	22.189	0.137
1520	1	478	12	95	6	15	24.065	0.133
1521	1	476	12	94	6	14	22.956	0.136
1522	1	474	12	93	6	13	24.283	0.154
1523	1	472	12	92	6	12	25.048	0.162
1524	1	470	12	91	6	11	24.373	0.144
1525	1	468	12	90	6	10	24.513	0.138
1526	1	466	12	89	6	9	23.299	0.124
1527	1	464	12	88	6	8	23.553	0.136
1528	1	449	12	127	8	15	23.429	0.134
1529	1	451	12	126	8	14	24.101	0.128
1530	1	453	12	125	8	13	23.592	0.139
1531	1	455	12	124	8	12	23.917	0.102
1532	1	457	12	123	8	11	22.433	0.129
1533	1	459	12	122	8	10	24.571	0.128
1534	1	461	12	121	8	9	23.348	0.128
1535	1	463	12	120	8	8	22.619	0.126
1536	1	398	13	7	1	7	24.624	0.144
1537	1	396	13	6	1	6	24.537	0.135
1538	1	394	13	5	1	5	24.324	0.158
1539	1	392	13	4	1	4	23.416	0.151
1540	1	390	13	3	1	3	24.182	0.169
1541	1	388	13	2	1	2	23.879	0.137
1542	1	386	13	1	1	1	23.686	0.171
1543	1	384	13	0	1	0	22.887	0.135
1544	1	401	13	39	3	7	23.131	0.147
1545	1	403	13	38	3	6	24.498	0.138
1546	1	405	13	37	3	5	24.647	0.159
1547	1	407	13	36	3	4	24.318	0.152
1548	1	409	13	35	3	3	24.864	0.151
1549	1	411	13	34	3	2	23.571	0.153
1550	1	413	13	33	3	1	23.985	0.148
1551	1	415	13	32	3	0	23.960	0.143
1552	1	414	13	15	1	15	24.830	0.133
1553	1	412	13	14	1	14	25.912	0.134
1554	1	410	13	13	1	13	26.355	0.143
1555	1	408	13	12	1	12	24.458	0.134
1556	1	406	13	11	1	11	24.959	0.166
1557	1	404	13	10	1	10	24.677	0.153
1558	1	402	13	9	1	9	24.297	0.157
1559	1	400	13	8	1	8	24.171	0.166
1560	1	385	13	47	3	15	24.097	0.160
1561	1	387	13	46	3	14	25.021	0.152
1562	1	389	13	45	3	13	24.530	0.162
1563	1	391	13	44	3	12	26.035	0.155
1564	1	393	13	43	3	11	25.273	0.151
1565	1	395	13	42	3	10	24.456	0.147
1566	1	397	13	41	3	9	24.766	0.166
1567	1	399	13	40	3	8	23.238	0.141
1568	1	430	13	23	2	7	24.454	0.168
1569	1	428	13	22	2	6	23.143	0.152
1570	1	426	13	21	2	5	23.559	0.149
1571	1	424	13	20	2	4	22.845	0.137
1572	1	422	13	19	2	3	24.081	0.138
1573	1	420	13	18	2	2	22.853	0.141
1574	1	418	13	17	2	1	23.256	0.143
1575	1	416	13	16	2	0	23.059	0.133
1576	1	433	13	55	4	7	22.895	0.107
1577	1	435	13	54	4	6	22.023	0.139
1578	1	437	13	53	4	5	22.357	0.141
1579	1	439	13	52	4	4	23.207	0.128
1580	1	441	13	51	4	3	23.083	0.154
1581	1	443	13	50	4	2	22.629	0.141
1582	1	445	13	49	4	1	22.990	0.127
1583	1	447	13	48	4	0	21.360	0.156
1584	1	446	13	31	2	15	23.916	0.163
1585	1	444	13	30	2	14	24.232	0.149
1586	1	442	13	29	2	13	23.955	0.163
1587	1	440	13	28	2	12	25.678	0.152
1588	1	438	13	27	2	11	25.049	0.143
1589	1	436	13	26	2	10	25.169	0.121
1590	1	434	13	25	2	9	23.805	0.157
1591	1	432	13	24	2	8	22.610	0.154
1592	1	417	13	63	4	15	21.719	0.163
1593	1	419	13	62	4	14	20.789	0.148
1594	1	421	13	61	4	13	21.691	0.126
1595	1	423	13	60	4	12	22.250	0.133
1596	1	425	13	59	4	11	22.283	0.125
1597	1	427	13	58	4	10	22.789	0.122
1598	1	429	13	57	4	9	21.274	0.121
1599	1	431	13	56	4	8	22.189	0.114
1600	1	366	13	71	5	7	23.453	0.123
1601	1	364	13	70	5	6	22.494	0.165
1602	1	362	13	69	5	5	23.283	0.122
1603	1	360	13	68	5	4	23.064	0.149
1604	1	358	13	67	5	3	22.572	0.156
1605	1	356	13	66	5	2	23.499	0.131
1606	1	354	13	65	5	1	22.234	0.142
1607	1	352	13	64	5	0	22.148	0.137
1608	1	369	13	103	7	7	23.300	0.135
1609	1	371	13	102	7	6	23.815	0.108
1610	1	373	13	101	7	5	23.141	0.152
1611	1	375	13	100	7	4	24.619	0.128
1612	1	377	13	99	7	3	23.532	0.116
1613	1	379	13	98	7	2	23.768	0.147
1614	1	381	13	97	7	1	23.383	0.154
1615	1	383	13	96	7	0	21.896	0.136
1616	1	382	13	79	5	15	23.744	0.147
1617	1	380	13	78	5	14	24.990	0.143
1618	1	378	13	77	5	13	24.484	0.138
1619	1	376	13	76	5	12	24.455	0.137
1620	1	374	13	75	5	11	24.449	0.108
1621	1	372	13	74	5	10	25.394	0.154
1622	1	370	13	73	5	9	23.415	0.124
1623	1	368	13	72	5	8	23.739	0.119
1624	1	353	13	111	7	15	23.533	0.108
1625	1	355	13	110	7	14	23.685	0.134
1626	1	357	13	109	7	13	24.227	0.143
1627	1	359	13	108	7	12	24.465	0.138
1628	1	361	13	107	7	11	24.644	0.136
1629	1	363	13	106	7	10	23.691	0.134
1630	1	365	13	105	7	9	24.601	0.145
1631	1	367	13	104	7	8	22.638	0.139
1632	1	334	13	87	6	7	23.040	0.142
1633	1	332	13	86	6	6	22.613	0.136
1634	1	330	13	85	6	5	23.125	0.152
1635	1	328	13	84	6	4	22.655	0.144
1636	1	326	13	83	6	3	23.003	0.141
1637	1	324	13	82	6	2	22.656	0.135
1638	1	322	13	81	6	1	21.872	0.116
1639	1	320	13	80	6	0	20.638	0.105
1640	1	337	13	119	8	7	23.074	0.159
1641	1	339	13	118	8	6	21.920	0.138
1642	1	341	13	117	8	5	23.673	0.145
1643	1	343	13	116	8	4	22.964	0.136
1644	1	345	13	115	8	3	23.411	0.123
1645	1	347	13	114	8	2	23.016	0.164
1646	1	349	13	113	8	1	23.758	0.130
1647	1	351	13	112	8	0	22.377	0.158
1648	1	350	13	95	6	15	25.043	0.139
1649	1	348	13	94	6	14	24.046	0.142
1650	1	346	13	93	6	13	23.079	0.125
1651	1	344	13	92	6	12	23.782	0.137
1652	1	342	13	91	6	11	24.952	0.132
1653	1	340	13	90	6	10	24.848	0.133
1654	1	338	13	89	6	9	22.735	0.142
1655	1	336	13	88	6	8	22.373	0.133
1656	1	321	13	127	8	15	22.280	0.107
1657	1	323	13	126	8	14	21.865	0.122
1658	1	325	13	125	8	13	22.268	0.110
1659	1	327	13	124	8	12	22.702	0.105
1660	1	329	13	123	8	11	22.625	0.131
1661	1	331	13	122	8	10	22.191	0.129
1662	1	333	13	121	8	9	22.579	0.137
1663	1	335	13	120	8	8	22.333	0.111
1664	3	64	14	0	1	0	22.900	-1.000
1665	3	65	14	1	1	1	22.900	-1.000
1666	3	66	14	2	1	2	22.900	-1.000
1667	3	67	14	3	1	3	22.900	-1.000
1668	3	68	14	4	1	4	22.900	-1.000
1669	3	69	14	5	1	5	22.900	-1.000
1670	3	70	14	6	1	6	22.900	-1.000
1671	3	71	14	7	1	7	22.900	-1.000
1672	3	72	14	8	1	8	22.900	-1.000
1673	3	73	14	9	1	9	22.900	-1.000
1674	3	74	14	10	1	10	22.900	-1.000
1675	3	75	14	11	1	11	22.900	-1.000
1676	3	76	14	12	1	12	22.900	-1.000
1677	3	77	14	13	1	13	22.900	-1.000
1678	3	78	14	14	1	14	22.900	-1.000
1679	3	79	14	15	1	15	22.900	-1.000
1680	3	80	14	16	2	0	22.900	-1.000
1681	3	81	14	17	2	1	22.900	-1.000
1682	3	82	14	18	2	2	22.900	-1.000
1683	3	83	14	19	2	3	22.900	-1.000
1684	3	84	14	20	2	4	22.900	-1.000
1685	3	85	14	21	2	5	22.900	-1.000
1686	3	86	14	22	2	6	22.900	-1.000
1687	3	87	14	23	2	7	22.900	-1.000
1688	3	88	14	24	2	8	22.900	-1.000
1689	3	89	14	25	2	9	22.900	-1.000
1690	3	90	14	26	2	10	22.900	-1.000
1691	3	91	14	27	2	11	22.900	-1.000
1692	3	92	14	28	2	12	22.900	-1.000
1693	3	93	14	29	2	13	22.900	-1.000
1694	3	94	14	30	2	14	22.900	-1.000
1695	3	95	14	31	2	15	22.900	-1.000
1696	3	96	14	32	3	0	22.900	-1.000
1697	3	97	14	33	3	1	22.900	-1.000
1698	3	98	14	34	3	2	22.900	-1.000
1699	3	99	14	35	3	3	22.900	-1.000
1700	3	100	14	36	3	4	22.900	-1.000
1701	3	101	14	37	3	5	22.900	-1.000
1702	3	102	14	38	3	6	22.900	-1.000
1703	3	103	14	39	3	7	22.900	-1.000
1704	3	104	14	40	3	8	22.900	-1.000
1705	3	105	14	41	3	9	22.900	-1.000
1706	3	106	14	42	3	10	22.900	-1.000
1707	3	107	14	43	3	11	22.900	-1.000
1708	3	108	14	44	3	12	22.900	-1.000
1709	3	109	14	45	3	13	22.900	-1.000
1710	3	110	14	46	3	14	22.900	-1.000
1711	3	111	14	47	3	15	22.900	-1.000
1712	3	112	14	48	4	0	22.900	-1.000
1713	3	113	14	49	4	1	22.900	-1.000
1714	3	114	14	50	4	2	22.900	-1.000
1715	3	115	14	51	4	3	22.900	-1.000
1716	3	116	14	52	4	4	22.900	-1.000
1717	3	117	14	53	4	5	22.900	-1.000
1718	3	118	14	54	4	6	22.900	-1.000
1719	3	119	14	55	4	7	22.900	-1.000
1720	3	120	14	56	4	8	22.900	-1.000
1721	3	121	14	57	4	9	22.900	-1.000
1722	3	122	14	58	4	10	22.900	-1.000
1723	3	123	14	59	4	11	22.900	-1.000
1724	3	124	14	60	4	12	22.900	-1.000
1725	3	125	14	61	4	13	22.900	-1.000
1726	3	126	14	62	4	14	22.900	-1.000
1727	3	127	14	63	4	15	22.900	-1.000
1728	3	128	14	64	5	0	22.900	-1.000
1729	3	129	14	65	5	1	22.900	-1.000
1730	3	130	14	66	5	2	22.900	-1.000
1731	3	131	14	67	5	3	22.900	-1.000
1732	3	132	14	68	5	4	22.900	-1.000
1733	3	133	14	69	5	5	22.900	-1.000
1734	3	134	14	70	5	6	22.900	-1.000
1735	3	135	14	71	5	7	22.900	-1.000
1736	3	136	14	72	5	8	22.900	-1.000
1737	3	137	14	73	5	9	22.900	-1.000
1738	3	138	14	74	5	10	22.900	-1.000
1739	3	139	14	75	5	11	22.900	-1.000
1740	3	140	14	76	5	12	22.900	-1.000
1741	3	141	14	77	5	13	22.900	-1.000
1742	3	142	14	78	5	14	22.900	-1.000
1743	3	143	14	79	5	15	22.900	-1.000
1744	3	144	14	80	6	0	22.900	-1.000
1745	3	145	14	81	6	1	22.900	-1.000
1746	3	146	14	82	6	2	22.900	-1.000
1747	3	147	14	83	6	3	22.900	-1.000
1748	3	148	14	84	6	4	22.900	-1.000
1749	3	149	14	85	6	5	22.900	-1.000
1750	3	150	14	86	6	6	22.900	-1.000
1751	3	151	14	87	6	7	22.900	-1.000
1752	3	152	14	88	6	8	22.900	-1.000
1753	3	153	14	89	6	9	22.900	-1.000
1754	3	154	14	90	6	10	22.900	-1.000
1755	3	155	14	91	6	11	22.900	-1.000
1756	3	156	14	92	6	12	22.900	-1.000
1757	3	157	14	93	6	13	22.900	-1.000
1758	3	158	14	94	6	14	22.900	-1.000
1759	3	159	14	95	6	15	22.900	-1.000
1760	3	160	14	96	7	0	22.900	-1.000
1761	3	161	14	97	7	1	22.900	-1.000
1762	3	162	14	98	7	2	22.900	-1.000
1763	3	163	14	99	7	3	22.900	-1.000
1764	3	164	14	100	7	4	22.900	-1.000
1765	3	165	14	101	7	5	22.900	-1.000
1766	3	166	14	102	7	6	22.900	-1.000
1767	3	167	14	103	7	7	22.900	-1.000
1768	3	168	14	104	7	8	22.900	-1.000
1769	3	169	14	105	7	9	22.900	-1.000
1770	3	170	14	106	7	10	22.900	-1.000
1771	3	171	14	107	7	11	22.900	-1.000
1772	3	172	14	108	7	12	22.900	-1.000
1773	3	173	14	109	7	13	22.900	-1.000
1774	3	174	14	110	7	14	22.900	-1.000
1775	3	175	14	111	7	15	22.900	-1.000
1776	3	176	14	112	8	0	22.900	-1.000
1777	3	177	14	113	8	1	22.900	-1.000
1778	3	178	14	114	8	2	22.900	-1.000
1779	3	179	14	115	8	3	22.900	-1.000
1780	3	180	14	116	8	4	22.900	-1.000
1781	3	181	14	117	8	5	22.900	-1.000
1782	3	182	14	118	8	6	22.900	-1.000
1783	3	183	14	119	8	7	22.900	-1.000
1784	3	184	14	120	8	8	22.900	-1.000
1785	3	185	14	121	8	9	22.900	-1.000
1786	3	186	14	122	8	10	22.900	-1.000
1787	3	187	14	123	8	11	22.900	-1.000
1788	3	188	14	124	8	12	22.900	-1.000
1789	3	189	14	125	8	13	22.900	-1.000
1790	3	190	14	126	8	14	22.900	-1.000
1791	3	191	14	127	8	15	22.900	-1.000
