#view channel globalchan length_cm
0	0	0	3.763
0	1	0	5.514
0	2	0	7.265
0	3	0	9.016
0	4	0	10.767
0	5	0	12.518
0	6	0	14.269
0	7	0	16.020
0	8	0	17.771
0	9	0	19.522
0	10	0	21.273
0	11	0	23.024
0	12	0	24.776
0	13	0	26.527
0	14	0	28.278
0	15	0	30.029
0	16	0	31.780
0	17	0	33.531
0	18	0	35.282
0	19	0	37.033
0	20	0	38.784
0	21	0	40.535
0	22	0	42.286
0	23	0	44.037
0	24	0	45.788
0	25	0	47.539
0	26	0	49.290
0	27	0	51.041
0	28	0	52.792
0	29	0	54.543
0	30	0	56.294
0	31	0	58.045
0	32	0	59.796
0	33	0	61.547
0	34	0	63.298
0	35	0	65.049
0	36	0	66.800
0	37	0	68.551
0	38	0	70.302
0	39	0	72.053
0	40	0	73.804
0	41	0	75.555
0	42	0	77.306
0	43	0	79.057
0	44	0	80.809
0	45	0	82.560
0	46	0	84.311
0	47	0	86.062
0	48	0	87.813
0	49	0	89.564
0	50	0	91.315
0	51	0	93.066
0	52	0	94.817
0	53	0	96.568
0	54	0	98.319
0	55	0	100.070
0	56	0	101.821
0	57	0	103.572
0	58	0	105.323
0	59	0	107.074
0	60	0	108.825
0	61	0	110.576
0	62	0	112.327
0	63	0	114.078
0	64	0	115.829
0	65	0	117.580
0	66	0	119.331
0	67	0	121.082
0	68	0	122.833
0	69	0	124.584
0	70	0	126.335
0	71	0	128.086
0	72	0	129.837
0	73	0	131.588
0	74	0	133.339
0	75	0	135.090
0	76	0	136.841
0	77	0	138.593
0	78	0	140.344
0	79	0	142.095
0	80	0	143.846
0	81	0	145.597
0	82	0	147.348
0	83	0	149.099
0	84	0	150.850
0	85	0	152.601
0	86	0	154.352
0	87	0	156.103
0	88	0	157.854
0	89	0	159.605
0	90	0	161.356
0	91	0	163.107
0	92	0	164.858
0	93	0	166.609
0	94	0	168.360
0	95	0	170.111
0	96	0	171.862
0	97	0	173.613
0	98	0	175.364
0	99	0	177.115
0	100	0	178.866
0	101	0	180.617
0	102	0	182.368
0	103	0	184.119
0	104	0	185.870
0	105	0	187.621
0	106	0	189.372
0	107	0	191.123
0	108	0	192.874
0	109	0	194.626
0	110	0	196.377
0	111	0	198.128
0	112	0	199.879
0	113	0	201.630
0	114	0	203.381
0	115	0	205.132
0	116	0	206.883
0	117	0	208.634
0	118	0	210.385
0	119	0	212.136
0	120	0	213.887
0	121	0	215.638
0	122	0	217.389
0	123	0	219.140
0	124	0	220.891
0	125	0	222.642
0	126	0	224.393
0	127	0	225.494
0	128	0	225.494
0	129	0	225.494
0	130	0	225.494
0	131	0	225.494
0	132	0	225.494
0	133	0	225.494
0	134	0	225.494
0	135	0	225.494
0	136	0	225.494
0	137	0	225.494
0	138	0	225.494
0	139	0	225.494
0	140	0	225.494
0	141	0	225.494
0	142	0	225.494
0	143	0	225.494
0	144	0	225.494
0	145	0	225.494
0	146	0	225.494
0	147	0	225.494
0	148	0	225.494
0	149	0	225.494
0	150	0	225.494
0	151	0	225.494
0	152	0	225.494
0	153	0	225.494
0	154	0	225.494
0	155	0	225.494
0	156	0	225.494
0	157	0	225.494
0	158	0	225.494
0	159	0	225.494
0	160	0	225.494
0	161	0	225.494
0	162	0	225.494
0	163	0	225.494
0	164	0	225.494
0	165	0	225.494
0	166	0	225.494
0	167	0	225.494
0	168	0	225.494
0	169	0	225.494
0	170	0	225.494
0	171	0	225.494
0	172	0	225.494
0	173	0	225.494
0	174	0	225.494
0	175	0	225.494
0	176	0	225.494
0	177	0	225.494
0	178	0	225.494
0	179	0	225.494
0	180	0	225.494
0	181	0	225.494
0	182	0	225.494
0	183	0	225.494
0	184	0	225.494
0	185	0	225.494
0	186	0	225.494
0	187	0	225.494
0	188	0	225.494
0	189	0	225.494
0	190	0	225.494
0	191	0	225.494
0	192	0	225.494
0	193	0	225.494
0	194	0	225.494
0	195	0	225.494
0	196	0	225.494
0	197	0	225.494
0	198	0	225.494
0	199	0	225.494
0	200	0	225.494
0	201	0	225.494
0	202	0	225.494
0	203	0	225.494
0	204	0	225.494
0	205	0	225.494
0	206	0	225.494
0	207	0	225.494
0	208	0	225.494
0	209	0	225.494
0	210	0	225.494
0	211	0	225.494
0	212	0	225.494
0	213	0	225.494
0	214	0	225.494
0	215	0	225.494
0	216	0	225.494
0	217	0	225.494
0	218	0	225.494
0	219	0	225.494
0	220	0	225.494
0	221	0	225.494
0	222	0	225.494
0	223	0	225.494
0	224	0	225.494
0	225	0	225.494
0	226	0	225.494
0	227	0	225.494
0	228	0	225.494
0	229	0	225.494
0	230	0	225.494
0	231	0	225.494
0	232	0	225.494
0	233	0	225.494
0	234	0	225.494
0	235	0	225.494
0	236	0	225.494
0	237	0	225.494
0	238	0	225.494
0	239	0	225.494
0	240	0	225.494
0	241	0	225.494
0	242	0	225.494
0	243	0	225.494
0	244	0	225.494
0	245	0	225.494
0	246	0	225.494
0	247	0	225.494
0	248	0	225.494
0	249	0	225.494
0	250	0	225.494
0	251	0	225.494
0	252	0	225.494
0	253	0	225.494
0	254	0	225.494
0	255	0	225.494
0	256	0	224.467
0	257	0	222.716
0	258	0	220.965
0	259	0	219.214
0	260	0	217.463
0	261	0	215.712
0	262	0	213.961
0	263	0	212.210
0	264	0	210.459
0	265	0	208.707
0	266	0	206.956
0	267	0	205.205
0	268	0	203.454
0	269	0	201.703
0	270	0	199.952
0	271	0	198.201
0	272	0	196.450
0	273	0	194.699
0	274	0	192.948
0	275	0	191.197
0	276	0	189.446
0	277	0	187.695
0	278	0	185.944
0	279	0	184.193
0	280	0	182.442
0	281	0	180.691
0	282	0	178.940
0	283	0	177.189
0	284	0	175.438
0	285	0	173.687
0	286	0	171.936
0	287	0	170.185
0	288	0	168.434
0	289	0	166.683
0	290	0	164.932
0	291	0	163.181
0	292	0	161.430
0	293	0	159.679
0	294	0	157.928
0	295	0	156.177
0	296	0	154.426
0	297	0	152.674
0	298	0	150.923
0	299	0	149.172
0	300	0	147.421
0	301	0	145.670
0	302	0	143.919
0	303	0	142.168
0	304	0	140.417
0	305	0	138.666
0	306	0	136.915
0	307	0	135.164
0	308	0	133.413
0	309	0	131.662
0	310	0	129.911
0	311	0	128.160
0	312	0	126.409
0	313	0	124.658
0	314	0	122.907
0	315	0	121.156
0	316	0	119.405
0	317	0	117.654
0	318	0	115.903
0	319	0	114.152
0	320	0	112.401
0	321	0	110.650
0	322	0	108.899
0	323	0	107.148
0	324	0	105.397
0	325	0	103.646
0	326	0	101.895
0	327	0	100.144
0	328	0	98.393
0	329	0	96.642
0	330	0	94.890
0	331	0	93.139
0	332	0	91.388
0	333	0	89.637
0	334	0	87.886
0	335	0	86.135
0	336	0	84.384
0	337	0	82.633
0	338	0	80.882
0	339	0	79.131
0	340	0	77.380
0	341	0	75.629
0	342	0	73.878
0	343	0	72.127
0	344	0	70.376
0	345	0	68.625
0	346	0	66.874
0	347	0	65.123
0	348	0	63.372
0	349	0	61.621
0	350	0	59.870
0	351	0	58.119
0	352	0	56.368
0	353	0	54.617
0	354	0	52.866
0	355	0	51.115
0	356	0	49.364
0	357	0	47.613
0	358	0	45.862
0	359	0	44.111
0	360	0	42.360
0	361	0	40.609
0	362	0	38.857
0	363	0	37.106
0	364	0	35.355
0	365	0	33.604
0	366	0	31.853
0	367	0	30.102
0	368	0	28.351
0	369	0	26.600
0	370	0	24.849
0	371	0	23.098
0	372	0	21.347
0	373	0	19.596
0	374	0	17.845
0	375	0	16.094
0	376	0	14.343
0	377	0	12.592
0	378	0	10.841
0	379	0	9.090
0	380	0	7.339
0	381	0	5.588
0	382	0	3.837
0	383	0	2.086
1	0	384	149.566
1	1	385	149.566
1	2	386	149.566
1	3	387	149.566
1	4	388	149.566
1	5	389	149.566
1	6	390	149.566
1	7	391	149.566
1	8	392	149.566
1	9	393	149.566
1	10	394	149.566
1	11	395	149.566
1	12	396	149.566
1	13	397	149.566
1	14	398	149.566
1	15	399	149.566
1	16	400	149.566
1	17	401	149.566
1	18	402	149.566
1	19	403	149.566
1	20	404	149.566
1	21	405	149.566
1	22	406	149.566
1	23	407	149.566
1	24	408	149.566
1	25	409	149.566
1	26	410	149.566
1	27	411	149.566
1	28	412	149.566
1	29	413	149.566
1	30	414	149.566
1	31	415	149.566
1	32	416	149.566
1	33	417	149.566
1	34	418	149.566
1	35	419	149.566
1	36	420	149.566
1	37	421	149.566
1	38	422	149.566
1	39	423	149.566
1	40	424	149.566
1	41	425	149.566
1	42	426	149.566
1	43	427	149.566
1	44	428	149.566
1	45	429	149.566
1	46	430	149.566
1	47	431	149.566
1	48	432	149.566
1	49	433	149.566
1	50	434	149.566
1	51	435	149.566
1	52	436	149.566
1	53	437	149.566
1	54	438	149.566
1	55	439	149.566
1	56	440	149.566
1	57	441	149.566
1	58	442	149.566
1	59	443	149.566
1	60	444	149.566
1	61	445	149.566
1	62	446	149.566
1	63	447	149.566
1	64	448	149.566
1	65	449	149.566
1	66	450	149.566
1	67	451	149.566
1	68	452	149.566
1	69	453	149.566
1	70	454	149.566
1	71	455	149.566
1	72	456	149.566
1	73	457	149.566
1	74	458	149.566
1	75	459	149.566
1	76	460	149.566
1	77	461	149.566
1	78	462	149.566
1	79	463	149.566
1	80	464	149.566
1	81	465	149.566
1	82	466	149.566
1	83	467	149.566
1	84	468	149.566
1	85	469	149.566
1	86	470	149.566
1	87	471	149.566
1	88	472	149.566
1	89	473	149.566
1	90	474	149.566
1	91	475	149.566
1	92	476	149.566
1	93	477	149.566
1	94	478	149.566
1	95	479	149.566
1	96	480	149.566
1	97	481	149.566
1	98	482	149.566
1	99	483	149.566
1	100	484	149.566
1	101	485	149.566
1	102	486	149.566
1	103	487	149.566
1	104	488	149.566
1	105	489	149.566
1	106	490	149.566
1	107	491	149.566
1	108	492	149.566
1	109	493	149.566
1	110	494	149.566
1	111	495	149.566
1	112	496	149.566
1	113	497	149.566
1	114	498	149.566
1	115	499	149.566
1	116	500	149.566
1	117	501	149.566
1	118	502	149.566
1	119	503	149.566
1	120	504	149.566
1	121	505	149.566
1	122	506	149.566
1	123	507	149.566
1	124	508	149.566
1	125	509	149.566
1	126	510	149.566
1	127	511	149.566
1	128	512	149.566
1	129	513	149.566
1	130	514	149.566
1	131	515	149.566
1	132	516	149.566
1	133	517	149.566
1	134	518	149.566
1	135	519	149.566
1	136	520	149.566
1	137	521	149.566
1	138	522	149.566
1	139	523	149.566
1	140	524	149.566
1	141	525	149.566
1	142	526	149.566
1	143	527	149.566
1	144	528	149.566
1	145	529	149.566
1	146	530	149.566
1	147	531	149.566
1	148	532	149.566
1	149	533	149.566
1	150	534	149.566
1	151	535	149.566
1	152	536	149.566
1	153	537	149.566
1	154	538	149.566
1	155	539	149.566
1	156	540	149.566
1	157	541	149.566
1	158	542	149.566
1	159	543	149.566
1	160	544	149.566
1	161	545	149.566
1	162	546	149.566
1	163	547	149.566
1	164	548	149.566
1	165	549	149.566
1	166	550	149.566
1	167	551	149.566
1	168	552	149.566
1	169	553	149.566
1	170	554	149.566
1	171	555	149.566
1	172	556	149.566
1	173	557	149.566
1	174	558	149.566
1	175	559	149.566
1	176	560	149.566
1	177	561	149.566
1	178	562	149.566
1	179	563	149.566
1	180	564	149.566
1	181	565	149.566
1	182	566	149.566
1	183	567	149.566
1	184	568	149.566
1	185	569	149.566
1	186	570	149.566
1	187	571	149.566
1	188	572	149.566
1	189	573	149.566
1	190	574	149.566
1	191	575	149.566
1	192	576	149.566
1	193	577	149.566
1	194	578	149.566
1	195	579	149.566
1	196	580	149.566
1	197	581	149.566
1	198	582	149.566
1	199	583	149.566
1	200	584	149.566
1	201	585	149.566
1	202	586	149.566
1	203	587	149.566
1	204	588	149.566
1	205	589	149.566
1	206	590	149.566
1	207	591	149.566
1	208	592	149.566
1	209	593	149.566
1	210	594	149.566
1	211	595	149.566
1	212	596	149.566
1	213	597	149.566
1	214	598	149.566
1	215	599	149.566
1	216	600	149.566
1	217	601	149.566
1	218	602	149.566
1	219	603	149.566
1	220	604	149.566
1	221	605	149.566
1	222	606	149.566
1	223	607	149.566
1	224	608	149.566
1	225	609	149.566
1	226	610	149.566
1	227	611	149.566
1	228	612	149.566
1	229	613	149.566
1	230	614	149.566
1	231	615	149.566
1	232	616	149.566
1	233	617	149.566
1	234	618	149.566
1	235	619	149.566
1	236	620	149.566
1	237	621	149.566
1	238	622	149.566
1	239	623	149.566
1	240	624	149.566
1	241	625	149.566
1	242	626	149.566
1	243	627	149.566
1	244	628	149.566
1	245	629	149.566
1	246	630	149.566
1	247	631	149.566
1	248	632	149.566
1	249	633	149.566
1	250	634	149.566
1	251	635	149.566
1	252	636	149.566
1	253	637	149.566
1	254	638	149.566
1	255	639	149.566
1	256	640	149.566
1	257	641	149.566
1	258	642	149.566
1	259	643	149.566
1	260	644	149.566
1	261	645	149.566
1	262	646	149.566
1	263	647	149.566
1	264	648	149.566
1	265	649	149.566
1	266	650	149.566
1	267	651	149.566
1	268	652	149.566
1	269	653	149.566
1	270	654	149.566
1	271	655	149.566
1	272	656	149.566
1	273	657	149.566
1	274	658	149.566
1	275	659	149.566
1	276	660	149.566
1	277	661	149.566
1	278	662	149.566
1	279	663	149.566
1	280	664	149.566
1	281	665	149.566
1	282	666	149.566
1	283	667	149.566
1	284	668	149.566
1	285	669	149.566
1	286	670	149.566
1	287	671	149.566
1	288	672	149.566
1	289	673	149.566
1	290	674	149.566
1	291	675	149.566
1	292	676	149.566
1	293	677	149.566
1	294	678	149.566
1	295	679	149.566
1	296	680	149.566
1	297	681	149.566
1	298	682	149.566
1	299	683	149.566
1	300	684	149.566
1	301	685	149.566
1	302	686	149.566
1	303	687	149.566
1	304	688	149.566
1	305	689	149.566
1	306	690	149.566
1	307	691	149.566
1	308	692	149.566
1	309	693	149.566
1	310	694	149.566
1	311	695	149.566
1	312	696	149.566
1	313	697	149.566
1	314	698	149.566
1	315	699	149.566
1	316	700	149.566
1	317	701	149.566
1	318	702	149.566
1	319	703	149.566
1	320	704	149.508
1	321	705	149.508
1	322	706	149.508
1	323	707	149.508
1	324	708	149.508
1	325	709	149.508
1	326	710	149.508
1	327	711	149.508
1	328	712	149.508
1	329	713	149.508
1	330	714	149.508
1	331	715	149.508
1	332	716	149.508
1	333	717	149.508
1	334	718	149.508
1	335	719	149.508
1	336	720	149.508
1	337	721	149.508
1	338	722	149.508
1	339	723	149.508
1	340	724	149.508
1	341	725	149.508
1	342	726	149.508
1	343	727	149.508
1	344	728	149.508
1	345	729	149.508
1	346	730	149.508
1	347	731	149.508
1	348	732	149.508
1	349	733	149.508
1	350	734	149.508
1	351	735	149.508
1	352	736	149.508
1	353	737	149.508
1	354	738	149.508
1	355	739	149.508
1	356	740	149.508
1	357	741	149.508
1	358	742	149.508
1	359	743	149.508
1	360	744	149.508
1	361	745	149.508
1	362	746	149.508
1	363	747	149.508
1	364	748	149.508
1	365	749	149.508
1	366	750	149.508
1	367	751	149.508
1	368	752	149.508
1	369	753	149.508
1	370	754	149.508
1	371	755	149.508
1	372	756	149.508
1	373	757	149.508
1	374	758	149.508
1	375	759	149.508
1	376	760	149.508
1	377	761	149.508
1	378	762	149.508
1	379	763	149.508
1	380	764	149.508
1	381	765	149.508
1	382	766	149.508
1	383	767	149.508
1	384	768	149.508
1	385	769	149.508
1	386	770	149.508
1	387	771	149.508
1	388	772	149.508
1	389	773	149.508
1	390	774	149.508
1	391	775	149.508
1	392	776	149.508
1	393	777	149.508
1	394	778	149.508
1	395	779	149.508
1	396	780	149.508
1	397	781	149.508
1	398	782	149.508
1	399	783	149.508
1	400	784	149.508
1	401	785	149.508
1	402	786	149.508
1	403	787	149.508
1	404	788	149.508
1	405	789	149.508
1	406	790	149.508
1	407	791	149.508
1	408	792	149.508
1	409	793	149.508
1	410	794	149.508
1	411	795	149.508
1	412	796	149.508
1	413	797	149.508
1	414	798	149.508
1	415	799	149.508
1	416	800	149.508
1	417	801	149.508
1	418	802	149.508
1	419	803	149.508
1	420	804	149.508
1	421	805	149.508
1	422	806	149.508
1	423	807	149.508
1	424	808	149.508
1	425	809	149.508
1	426	810	149.508
1	427	811	149.508
1	428	812	149.508
1	429	813	149.508
1	430	814	149.508
1	431	815	149.508
1	432	816	149.508
1	433	817	149.508
1	434	818	149.508
1	435	819	149.508
1	436	820	149.508
1	437	821	149.508
1	438	822	149.508
1	439	823	149.508
1	440	824	149.508
1	441	825	149.508
1	442	826	149.508
1	443	827	149.508
1	444	828	149.508
1	445	829	149.508
1	446	830	149.508
1	447	831	149.508
1	448	832	149.508
1	449	833	149.508
1	450	834	149.508
1	451	835	149.508
1	452	836	149.508
1	453	837	149.508
1	454	838	149.508
1	455	839	149.508
1	456	840	149.508
1	457	841	149.508
1	458	842	149.508
1	459	843	149.508
1	460	844	149.508
1	461	845	149.508
1	462	846	149.508
1	463	847	149.508
1	464	848	149.508
1	465	849	149.508
1	466	850	149.508
1	467	851	149.508
1	468	852	149.508
1	469	853	149.508
1	470	854	149.508
1	471	855	149.508
1	472	856	149.508
1	473	857	149.508
1	474	858	149.508
1	475	859	149.508
1	476	860	149.508
1	477	861	149.508
1	478	862	149.508
1	479	863	149.508
1	480	864	149.508
1	481	865	149.508
1	482	866	149.508
1	483	867	149.508
1	484	868	149.508
1	485	869	149.508
1	486	870	149.508
1	487	871	149.508
1	488	872	149.508
1	489	873	149.508
1	490	874	149.508
1	491	875	149.508
1	492	876	149.508
1	493	877	149.508
1	494	878	149.508
1	495	879	149.508
1	496	880	149.508
1	497	881	149.508
1	498	882	149.508
1	499	883	149.508
1	500	884	149.508
1	501	885	149.508
1	502	886	149.508
1	503	887	149.508
1	504	888	149.508
1	505	889	149.508
1	506	890	149.508
1	507	891	149.508
1	508	892	149.508
1	509	893	149.508
1	510	894	149.508
1	511	895	149.508
1	512	896	149.508
1	513	897	149.508
1	514	898	149.508
1	515	899	149.508
1	516	900	149.508
1	517	901	149.508
1	518	902	149.508
1	519	903	149.508
1	520	904	149.508
1	521	905	149.508
1	522	906	149.508
1	523	907	149.508
1	524	908	149.508
1	525	909	149.508
1	526	910	149.508
1	527	911	149.508
1	528	912	149.508
1	529	913	149.508
1	530	914	149.508
1	531	915	149.508
1	532	916	149.508
1	533	917	149.508
1	534	918	149.508
1	535	919	149.508
1	536	920	149.508
1	537	921	149.508
1	538	922	149.508
1	539	923	149.508
1	540	924	149.508
1	541	925	149.508
1	542	926	149.508
1	543	927	149.508
1	544	928	149.508
1	545	929	149.508
1	546	930	149.508
1	547	931	149.508
1	548	932	149.508
1	549	933	149.508
1	550	934	149.508
1	551	935	149.508
1	552	936	149.508
1	553	937	149.508
1	554	938	149.508
1	555	939	149.508
1	556	940	149.508
1	557	941	149.508
1	558	942	149.508
1	559	943	149.508
1	560	944	149.508
1	561	945	149.508
1	562	946	149.508
1	563	947	149.508
1	564	948	149.508
1	565	949	149.508
1	566	950	149.508
1	567	951	149.508
1	568	952	149.508
1	569	953	149.508
1	570	954	149.508
1	571	955	149.508
1	572	956	149.508
1	573	957	149.508
1	574	958	149.508
1	575	959	149.508
1	576	960	149.508
1	577	961	149.508
1	578	962	149.508
1	579	963	149.508
1	580	964	149.508
1	581	965	149.508
1	582	966	149.508
1	583	967	149.508
1	584	968	149.508
1	585	969	149.508
1	586	970	149.508
1	587	971	149.508
1	588	972	149.508
1	589	973	149.508
1	590	974	149.508
1	591	975	149.508
1	592	976	149.508
1	593	977	149.508
1	594	978	149.508
1	595	979	149.508
1	596	980	149.508
1	597	981	149.508
1	598	982	149.508
1	599	983	149.508
1	600	984	149.508
1	601	985	149.508
1	602	986	149.508
1	603	987	149.508
1	604	988	149.508
1	605	989	149.508
1	606	990	149.508
1	607	991	149.508
1	608	992	149.508
1	609	993	149.508
1	610	994	149.508
1	611	995	149.508
1	612	996	149.508
1	613	997	149.508
1	614	998	149.508
1	615	999	149.508
1	616	1000	149.508
1	617	1001	149.508
1	618	1002	149.508
1	619	1003	149.508
1	620	1004	149.508
1	621	1005	149.508
1	622	1006	149.508
1	623	1007	149.508
1	624	1008	149.508
1	625	1009	149.508
1	626	1010	149.508
1	627	1011	149.508
1	628	1012	149.508
1	629	1013	149.508
1	630	1014	149.508
1	631	1015	149.508
1	632	1016	149.508
1	633	1017	149.508
1	634	1018	149.508
1	635	1019	149.508
1	636	1020	149.508
1	637	1021	149.508
1	638	1022	149.508
1	639	1023	149.508
2	0	1024	167.875
2	1	1025	167.875
2	2	1026	167.875
2	3	1027	167.875
2	4	1028	167.875
2	5	1029	167.875
2	6	1030	167.875
2	7	1031	167.875
2	8	1032	167.875
2	9	1033	167.875
2	10	1034	167.875
2	11	1035	167.875
2	12	1036	167.875
2	13	1037	167.875
2	14	1038	167.875
2	15	1039	167.875
2	16	1040	167.875
2	17	1041	167.875
2	18	1042	167.875
2	19	1043	167.875
2	20	1044	167.875
2	21	1045	167.875
2	22	1046	167.875
2	23	1047	167.875
2	24	1048	167.875
2	25	1049	167.875
2	26	1050	167.875
2	27	1051	167.875
2	28	1052	167.875
2	29	1053	167.875
2	30	1054	167.875
2	31	1055	167.875
2	32	1056	167.875
2	33	1057	167.875
2	34	1058	167.875
2	35	1059	167.875
2	36	1060	167.875
2	37	1061	167.875
2	38	1062	167.875
2	39	1063	167.875
2	40	1064	167.875
2	41	1065	167.875
2	42	1066	167.875
2	43	1067	167.875
2	44	1068	167.875
2	45	1069	167.875
2	46	1070	167.875
2	47	1071	167.875
2	48	1072	167.875
2	49	1073	167.875
2	50	1074	167.875
2	51	1075	167.875
2	52	1076	167.875
2	53	1077	167.875
2	54	1078	167.875
2	55	1079	167.875
2	56	1080	167.875
2	57	1081	167.875
2	58	1082	167.875
2	59	1083	167.875
2	60	1084	167.875
2	61	1085	167.875
2	62	1086	167.875
2	63	1087	167.875
2	64	1088	167.875
2	65	1089	167.875
2	66	1090	167.875
2	67	1091	167.875
2	68	1092	167.875
2	69	1093	167.875
2	70	1094	167.875
2	71	1095	167.875
2	72	1096	167.875
2	73	1097	167.875
2	74	1098	167.875
2	75	1099	167.875
2	76	1100	167.875
2	77	1101	167.875
2	78	1102	167.875
2	79	1103	167.875
2	80	1104	167.875
2	81	1105	167.875
2	82	1106	167.875
2	83	1107	167.875
2	84	1108	167.875
2	85	1109	167.875
2	86	1110	167.875
2	87	1111	167.875
2	88	1112	167.875
2	89	1113	167.875
2	90	1114	167.875
2	91	1115	167.875
2	92	1116	167.875
2	93	1117	167.875
2	94	1118	167.875
2	95	1119	167.875
2	96	1120	167.875
2	97	1121	167.875
2	98	1122	167.875
2	99	1123	167.875
2	100	1124	167.875
2	101	1125	167.875
2	102	1126	167.875
2	103	1127	167.875
2	104	1128	167.875
2	105	1129	167.875
2	106	1130	167.875
2	107	1131	167.875
2	108	1132	167.875
2	109	1133	167.875
2	110	1134	167.875
2	111	1135	167.875
2	112	1136	167.875
2	113	1137	167.875
2	114	1138	167.875
2	115	1139	167.875
2	116	1140	167.875
2	117	1141	167.875
2	118	1142	167.875
2	119	1143	167.875
2	120	1144	167.875
2	121	1145	167.875
2	122	1146	167.875
2	123	1147	167.875
2	124	1148	167.875
2	125	1149	167.875
2	126	1150	167.875
2	127	1151	167.875
2	128	1152	167.875
2	129	1153	167.875
2	130	1154	167.875
2	131	1155	167.875
2	132	1156	167.875
2	133	1157	167.875
2	134	1158	167.875
2	135	1159	167.875
2	136	1160	167.875
2	137	1161	167.875
2	138	1162	167.875
2	139	1163	167.875
2	140	1164	167.875
2	141	1165	167.875
2	142	1166	167.875
2	143	1167	167.875
2	144	1168	167.875
2	145	1169	167.875
2	146	1170	167.875
2	147	1171	167.875
2	148	1172	167.875
2	149	1173	167.875
2	150	1174	167.875
2	151	1175	167.875
2	152	1176	167.875
2	153	1177	167.875
2	154	1178	167.875
2	155	1179	167.875
2	156	1180	167.875
2	157	1181	167.875
2	158	1182	167.875
2	159	1183	167.875
2	160	1184	167.875
2	161	1185	167.875
2	162	1186	167.875
2	163	1187	167.875
2	164	1188	167.875
2	165	1189	167.875
2	166	1190	167.875
2	167	1191	167.875
2	168	1192	167.875
2	169	1193	167.875
2	170	1194	167.875
2	171	1195	167.875
2	172	1196	167.875
2	173	1197	167.875
2	174	1198	167.875
2	175	1199	167.875
2	176	1200	167.875
2	177	1201	167.875
2	178	1202	167.875
2	179	1203	167.875
2	180	1204	167.875
2	181	1205	167.875
2	182	1206	167.875
2	183	1207	167.875
2	184	1208	167.875
2	185	1209	167.875
2	186	1210	167.875
2	187	1211	167.875
2	188	1212	167.875
2	189	1213	167.875
2	190	1214	167.875
2	191	1215	167.875
2	192	1216	167.875
2	193	1217	167.875
2	194	1218	167.875
2	195	1219	167.875
2	196	1220	167.875
2	197	1221	167.875
2	198	1222	167.875
2	199	1223	167.875
2	200	1224	167.875
2	201	1225	167.875
2	202	1226	167.875
2	203	1227	167.875
2	204	1228	167.875
2	205	1229	167.875
2	206	1230	167.875
2	207	1231	167.875
2	208	1232	167.875
2	209	1233	167.875
2	210	1234	167.875
2	211	1235	167.875
2	212	1236	167.875
2	213	1237	167.875
2	214	1238	167.875
2	215	1239	167.875
2	216	1240	167.875
2	217	1241	167.875
2	218	1242	167.875
2	219	1243	167.875
2	220	1244	167.875
2	221	1245	167.875
2	222	1246	167.875
2	223	1247	167.875
2	224	1248	167.875
2	225	1249	167.875
2	226	1250	167.875
2	227	1251	167.875
2	228	1252	167.875
2	229	1253	167.875
2	230	1254	167.875
2	231	1255	167.875
2	232	1256	167.875
2	233	1257	167.875
2	234	1258	167.875
2	235	1259	167.875
2	236	1260	167.875
2	237	1261	167.875
2	238	1262	167.875
2	239	1263	167.875
2	240	1264	167.875
2	241	1265	167.875
2	242	1266	167.875
2	243	1267	167.875
2	244	1268	167.875
2	245	1269	167.875
2	246	1270	167.875
2	247	1271	167.875
2	248	1272	167.875
2	249	1273	167.875
2	250	1274	167.875
2	251	1275	167.875
2	252	1276	167.875
2	253	1277	167.875
2	254	1278	167.875
2	255	1279	167.875
2	256	1280	167.875
2	257	1281	167.875
2	258	1282	167.875
2	259	1283	167.875
2	260	1284	167.875
2	261	1285	167.875
2	262	1286	167.875
2	263	1287	167.875
2	264	1288	167.875
2	265	1289	167.875
2	266	1290	167.875
2	267	1291	167.875
2	268	1292	167.875
2	269	1293	167.875
2	270	1294	167.875
2	271	1295	167.875
2	272	1296	167.875
2	273	1297	167.875
2	274	1298	167.875
2	275	1299	167.875
2	276	1300	167.875
2	277	1301	167.875
2	278	1302	167.875
2	279	1303	167.875
2	280	1304	167.875
2	281	1305	167.875
2	282	1306	167.875
2	283	1307	167.875
2	284	1308	167.875
2	285	1309	167.875
2	286	1310	167.875
2	287	1311	167.875
2	288	1312	167.875
2	289	1313	167.875
2	290	1314	167.875
2	291	1315	167.875
2	292	1316	167.875
2	293	1317	167.875
2	294	1318	167.875
2	295	1319	167.875
2	296	1320	167.875
2	297	1321	167.875
2	298	1322	167.875
2	299	1323	167.875
2	300	1324	167.875
2	301	1325	167.875
2	302	1326	167.875
2	303	1327	167.875
2	304	1328	167.875
2	305	1329	167.875
2	306	1330	167.875
2	307	1331	167.875
2	308	1332	167.875
2	309	1333	167.875
2	310	1334	167.875
2	311	1335	167.875
2	312	1336	167.875
2	313	1337	167.875
2	314	1338	167.875
2	315	1339	167.875
2	316	1340	167.875
2	317	1341	167.875
2	318	1342	167.875
2	319	1343	167.875
2	320	1344	167.875
2	321	1345	167.875
2	322	1346	167.875
2	323	1347	167.875
2	324	1348	167.875
2	325	1349	167.875
2	326	1350	167.875
2	327	1351	167.875
2	328	1352	167.875
2	329	1353	167.875
2	330	1354	167.875
2	331	1355	167.875
2	332	1356	167.875
2	333	1357	167.875
2	334	1358	167.875
2	335	1359	167.875
2	336	1360	167.875
2	337	1361	167.875
2	338	1362	167.875
2	339	1363	167.875
2	340	1364	167.875
2	341	1365	167.875
2	342	1366	167.875
2	343	1367	167.875
2	344	1368	167.875
2	345	1369	167.875
2	346	1370	167.875
2	347	1371	167.875
2	348	1372	167.875
2	349	1373	167.875
2	350	1374	167.875
2	351	1375	167.875
2	352	1376	167.875
2	353	1377	167.875
2	354	1378	167.875
2	355	1379	167.875
2	356	1380	167.875
2	357	1381	167.875
2	358	1382	167.875
2	359	1383	167.875
2	360	1384	167.875
2	361	1385	167.875
2	362	1386	167.875
2	363	1387	167.875
2	364	1388	167.875
2	365	1389	167.875
2	366	1390	167.875
2	367	1391	167.875
2	368	1392	167.875
2	369	1393	167.875
2	370	1394	167.875
2	371	1395	167.875
2	372	1396	167.875
2	373	1397	167.875
2	374	1398	167.875
2	375	1399	167.875
2	376	1400	167.875
2	377	1401	167.875
2	378	1402	167.875
2	379	1403	167.875
2	380	1404	167.875
2	381	1405	167.875
2	382	1406	167.875
2	383	1407	167.875
2	384	1408	167.875
2	385	1409	167.875
2	386	1410	167.875
2	387	1411	167.875
2	388	1412	167.875
2	389	1413	167.875
2	390	1414	167.875
2	391	1415	167.875
2	392	1416	167.875
2	393	1417	167.875
2	394	1418	167.875
2	395	1419	167.875
2	396	1420	167.875
2	397	1421	167.875
2	398	1422	167.875
2	399	1423	167.875
2	400	1424	167.875
2	401	1425	167.875
2	402	1426	167.875
2	403	1427	167.875
2	404	1428	167.875
2	405	1429	167.875
2	406	1430	167.875
2	407	1431	167.875
2	408	1432	167.875
2	409	1433	167.875
2	410	1434	167.875
2	411	1435	167.875
2	412	1436	167.875
2	413	1437	167.875
2	414	1438	167.875
2	415	1439	167.875
2	416	1440	167.875
2	417	1441	167.875
2	418	1442	167.875
2	419	1443	167.875
2	420	1444	167.875
2	421	1445	167.875
2	422	1446	167.875
2	423	1447	167.875
2	424	1448	167.875
2	425	1449	167.875
2	426	1450	167.875
2	427	1451	167.875
2	428	1452	167.875
2	429	1453	167.875
2	430	1454	167.875
2	431	1455	167.875
2	432	1456	167.875
2	433	1457	167.875
2	434	1458	167.875
2	435	1459	167.875
2	436	1460	167.875
2	437	1461	167.875
2	438	1462	167.875
2	439	1463	167.875
2	440	1464	167.875
2	441	1465	167.875
2	442	1466	167.875
2	443	1467	167.875
2	444	1468	167.875
2	445	1469	167.875
2	446	1470	167.875
2	447	1471	167.875
2	448	1472	167.875
2	449	1473	167.875
2	450	1474	167.875
2	451	1475	167.875
2	452	1476	167.875
2	453	1477	167.875
2	454	1478	167.875
2	455	1479	167.875
2	456	1480	167.875
2	457	1481	167.875
2	458	1482	167.875
2	459	1483	167.875
2	460	1484	167.875
2	461	1485	167.875
2	462	1486	167.875
2	463	1487	167.875
2	464	1488	167.875
2	465	1489	167.875
2	466	1490	167.875
2	467	1491	167.875
2	468	1492	167.875
2	469	1493	167.875
2	470	1494	167.875
2	471	1495	167.875
2	472	1496	167.875
2	473	1497	167.875
2	474	1498	167.875
2	475	1499	167.875
2	476	1500	167.875
2	477	1501	167.875
2	478	1502	167.875
2	479	1503	167.875
2	480	1504	167.875
2	481	1505	167.875
2	482	1506	167.875
2	483	1507	167.875
2	484	1508	167.875
2	485	1509	167.875
2	486	1510	167.875
2	487	1511	167.875
2	488	1512	167.875
2	489	1513	167.875
2	490	1514	167.875
2	491	1515	167.875
2	492	1516	167.875
2	493	1517	167.875
2	494	1518	167.875
2	495	1519	167.875
2	496	1520	167.875
2	497	1521	167.875
2	498	1522	167.875
2	499	1523	167.875
2	500	1524	167.875
2	501	1525	167.875
2	502	1526	167.875
2	503	1527	167.875
2	504	1528	167.875
2	505	1529	167.875
2	506	1530	167.875
2	507	1531	167.875
2	508	1532	167.875
2	509	1533	167.875
2	510	1534	167.875
2	511	1535	167.875
2	512	1536	167.875
2	513	1537	167.875
2	514	1538	167.875
2	515	1539	167.875
2	516	1540	167.875
2	517	1541	167.875
2	518	1542	167.875
2	519	1543	167.875
2	520	1544	167.875
2	521	1545	167.875
2	522	1546	167.875
2	523	1547	167.875
2	524	1548	167.875
2	525	1549	167.875
2	526	1550	167.875
2	527	1551	167.875
2	528	1552	167.875
2	529	1553	167.875
2	530	1554	167.875
2	531	1555	167.875
2	532	1556	167.875
2	533	1557	167.875
2	534	1558	167.875
2	535	1559	167.875
2	536	1560	167.875
2	537	1561	167.875
2	538	1562	167.875
2	539	1563	167.875
2	540	1564	167.875
2	541	1565	167.875
2	542	1566	167.875
2	543	1567	167.875
2	544	1568	167.875
2	545	1569	167.875
2	546	1570	167.875
2	547	1571	167.875
2	548	1572	167.875
2	549	1573	167.875
2	550	1574	167.875
2	551	1575	167.875
2	552	1576	167.875
2	553	1577	167.875
2	554	1578	167.875
2	555	1579	167.875
2	556	1580	167.875
2	557	1581	167.875
2	558	1582	167.875
2	559	1583	167.875
2	560	1584	167.875
2	561	1585	167.875
2	562	1586	167.875
2	563	1587	167.875
2	564	1588	167.875
2	565	1589	167.875
2	566	1590	167.875
2	567	1591	167.875
2	568	1592	167.875
2	569	1593	167.875
2	570	1594	167.875
2	571	1595	167.875
2	572	1596	167.875
2	573	1597	167.875
2	574	1598	167.875
2	575	1599	167.875
