#view channel globalchan length_cm
0	0	0	0.876
0	1	1	2.627
0	2	2	4.378
0	3	3	6.129
0	4	4	7.880
0	5	5	9.631
0	6	6	11.382
0	7	7	13.133
0	8	8	14.884
0	9	9	16.635
0	10	10	18.387
0	11	11	20.138
0	12	12	21.889
0	13	13	23.640
0	14	14	25.391
0	15	15	27.142
0	16	16	28.893
0	17	17	30.644
0	18	18	32.395
0	19	19	34.146
0	20	20	35.898
0	21	21	37.649
0	22	22	39.400
0	23	23	41.151
0	24	24	42.902
0	25	25	44.653
0	26	26	46.404
0	27	27	48.155
0	28	28	49.906
0	29	29	51.658
0	30	30	53.409
0	31	31	55.160
0	32	32	56.911
0	33	33	58.662
0	34	34	60.413
0	35	35	62.164
0	36	36	63.915
0	37	37	65.666
0	38	38	67.417
0	39	39	69.169
0	40	40	70.920
0	41	41	72.671
0	42	42	74.422
0	43	43	76.173
0	44	44	77.924
0	45	45	79.675
0	46	46	81.426
0	47	47	83.177
0	48	48	84.928
0	49	49	86.680
0	50	50	88.431
0	51	51	90.182
0	52	52	91.933
0	53	53	93.684
0	54	54	95.435
0	55	55	97.186
0	56	56	98.937
0	57	57	100.688
0	58	58	102.439
0	59	59	104.191
0	60	60	105.942
0	61	61	107.693
0	62	62	109.444
0	63	63	111.195
0	64	64	112.946
0	65	65	114.697
0	66	66	116.448
0	67	67	118.199
0	68	68	119.950
0	69	69	121.702
0	70	70	123.453
0	71	71	125.204
0	72	72	126.955
0	73	73	128.706
0	74	74	130.457
0	75	75	132.208
0	76	76	133.959
0	77	77	135.710
0	78	78	137.462
0	79	79	139.213
0	80	80	140.964
0	81	81	142.715
0	82	82	144.466
0	83	83	146.217
0	84	84	147.968
0	85	85	149.719
0	86	86	151.470
0	87	87	153.221
0	88	88	154.973
0	89	89	156.724
0	90	90	158.475
0	91	91	160.226
0	92	92	161.977
0	93	93	163.728
0	94	94	165.479
0	95	95	167.230
0	96	96	168.981
0	97	97	170.732
0	98	98	172.484
0	99	99	174.235
0	100	100	175.986
0	101	101	177.737
0	102	102	179.488
0	103	103	181.239
0	104	104	182.990
0	105	105	184.741
0	106	106	186.492
0	107	107	188.243
0	108	108	189.995
0	109	109	191.746
0	110	110	193.497
0	111	111	195.248
0	112	112	196.999
0	113	113	198.750
0	114	114	200.501
0	115	115	202.252
0	116	116	204.003
0	117	117	205.754
0	118	118	207.506
0	119	119	209.257
0	120	120	211.008
0	121	121	212.759
0	122	122	214.510
0	123	123	216.261
0	124	124	218.012
0	125	125	219.763
0	126	126	221.514
0	127	127	223.265
0	128	128	224.764
0	129	129	224.764
0	130	130	224.764
0	131	131	224.764
0	132	132	224.764
0	133	133	224.764
0	134	134	224.764
0	135	135	224.764
0	136	136	224.764
0	137	137	224.764
0	138	138	224.764
0	139	139	224.764
0	140	140	224.764
0	141	141	224.764
0	142	142	224.764
0	143	143	224.764
0	144	144	224.764
0	145	145	224.764
0	146	146	224.764
0	147	147	224.764
0	148	148	224.764
0	149	149	224.764
0	150	150	224.764
0	151	151	224.764
0	152	152	224.764
0	153	153	224.764
0	154	154	224.764
0	155	155	224.764
0	156	156	224.764
0	157	157	224.764
0	158	158	224.764
0	159	159	224.764
0	160	160	224.764
0	161	161	224.764
0	162	162	224.764
0	163	163	224.764
0	164	164	224.764
0	165	165	224.764
0	166	166	224.764
0	167	167	224.764
0	168	168	224.764
0	169	169	224.764
0	170	170	224.764
0	171	171	224.764
0	172	172	224.764
0	173	173	224.764
0	174	174	224.764
0	175	175	224.764
0	176	176	224.764
0	177	177	224.764
0	178	178	224.764
0	179	179	224.764
0	180	180	224.764
0	181	181	224.764
0	182	182	224.764
0	183	183	224.764
0	184	184	224.764
0	185	185	224.764
0	186	186	224.764
0	187	187	224.764
0	188	188	224.764
0	189	189	224.764
0	190	190	224.764
0	191	191	224.764
0	192	192	224.764
0	193	193	224.764
0	194	194	224.764
0	195	195	224.764
0	196	196	224.764
0	197	197	224.764
0	198	198	224.764
0	199	199	224.764
0	200	200	224.764
0	201	201	224.764
0	202	202	224.764
0	203	203	224.764
0	204	204	224.764
0	205	205	224.764
0	206	206	224.764
0	207	207	224.764
0	208	208	224.764
0	209	209	224.764
0	210	210	224.764
0	211	211	224.764
0	212	212	224.764
0	213	213	224.764
0	214	214	224.764
0	215	215	224.764
0	216	216	224.764
0	217	217	224.764
0	218	218	224.764
0	219	219	224.764
0	220	220	224.764
0	221	221	224.764
0	222	222	224.764
0	223	223	224.764
0	224	224	224.764
0	225	225	224.764
0	226	226	224.764
0	227	227	224.764
0	228	228	224.764
0	229	229	224.764
0	230	230	224.764
0	231	231	224.764
0	232	232	224.764
0	233	233	224.764
0	234	234	224.764
0	235	235	224.764
0	236	236	224.764
0	237	237	224.764
0	238	238	224.764
0	239	239	224.764
0	240	240	224.764
0	241	241	224.764
0	242	242	224.764
0	243	243	224.764
0	244	244	224.764
0	245	245	224.764
0	246	246	224.764
0	247	247	224.764
0	248	248	224.764
0	249	249	224.764
0	250	250	224.764
0	251	251	224.764
0	252	252	224.764
0	253	253	224.764
0	254	254	224.764
0	255	255	224.764
0	256	256	223.856
0	257	257	222.105
0	258	258	220.354
0	259	259	218.603
0	260	260	216.852
0	261	261	215.101
0	262	262	213.350
0	263	263	211.598
0	264	264	209.847
0	265	265	208.096
0	266	266	206.345
0	267	267	204.594
0	268	268	202.843
0	269	269	201.092
0	270	270	199.341
0	271	271	197.590
0	272	272	195.838
0	273	273	194.087
0	274	274	192.336
0	275	275	190.585
0	276	276	188.834
0	277	277	187.083
0	278	278	185.332
0	279	279	183.581
0	280	280	181.830
0	281	281	180.079
0	282	282	178.327
0	283	283	176.576
0	284	284	174.825
0	285	285	173.074
0	286	286	171.323
0	287	287	169.572
0	288	288	167.821
0	289	289	166.070
0	290	290	164.319
0	291	291	162.568
0	292	292	160.816
0	293	293	159.065
0	294	294	157.314
0	295	295	155.563
0	296	296	153.812
0	297	297	152.061
0	298	298	150.310
0	299	299	148.559
0	300	300	146.808
0	301	301	145.057
0	302	302	143.305
0	303	303	141.554
0	304	304	139.803
0	305	305	138.052
0	306	306	136.301
0	307	307	134.550
0	308	308	132.799
0	309	309	131.048
0	310	310	129.297
0	311	311	127.546
0	312	312	125.794
0	313	313	124.043
0	314	314	122.292
0	315	315	120.541
0	316	316	118.790
0	317	317	117.039
0	318	318	115.288
0	319	319	113.537
0	320	320	111.786
0	321	321	110.034
0	322	322	108.283
0	323	323	106.532
0	324	324	104.781
0	325	325	103.030
0	326	326	101.279
0	327	327	99.528
0	328	328	97.777
0	329	329	96.026
0	330	330	94.275
0	331	331	92.523
0	332	332	90.772
0	333	333	89.021
0	334	334	87.270
0	335	335	85.519
0	336	336	83.768
0	337	337	82.017
0	338	338	80.266
0	339	339	78.515
0	340	340	76.764
0	341	341	75.012
0	342	342	73.261
0	343	343	71.510
0	344	344	69.759
0	345	345	68.008
0	346	346	66.257
0	347	347	64.506
0	348	348	62.755
0	349	349	61.004
0	350	350	59.253
0	351	351	57.501
0	352	352	55.750
0	353	353	53.999
0	354	354	52.248
0	355	355	50.497
0	356	356	48.746
0	357	357	46.995
0	358	358	45.244
0	359	359	43.493
0	360	360	41.742
0	361	361	39.990
0	362	362	38.239
0	363	363	36.488
0	364	364	34.737
0	365	365	32.986
0	366	366	31.235
0	367	367	29.484
0	368	368	27.733
0	369	369	25.982
0	370	370	24.230
0	371	371	22.479
0	372	372	20.728
0	373	373	18.977
0	374	374	17.226
0	375	375	15.475
0	376	376	13.724
0	377	377	11.973
0	378	378	10.222
0	379	379	8.471
0	380	380	6.719
0	381	381	4.968
0	382	382	3.217
0	383	383	1.466
1	0	384	148.890
1	1	385	148.890
1	2	386	148.890
1	3	387	148.890
1	4	388	148.890
1	5	389	148.890
1	6	390	148.890
1	7	391	148.890
1	8	392	148.890
1	9	393	148.890
1	10	394	148.890
1	11	395	148.890
1	12	396	148.890
1	13	397	148.890
1	14	398	148.890
1	15	399	148.890
1	16	400	148.890
1	17	401	148.890
1	18	402	148.890
1	19	403	148.890
1	20	404	148.890
1	21	405	148.890
1	22	406	148.890
1	23	407	148.890
1	24	408	148.890
1	25	409	148.890
1	26	410	148.890
1	27	411	148.890
1	28	412	148.890
1	29	413	148.890
1	30	414	148.890
1	31	415	148.890
1	32	416	148.890
1	33	417	148.890
1	34	418	148.890
1	35	419	148.890
1	36	420	148.890
1	37	421	148.890
1	38	422	148.890
1	39	423	148.890
1	40	424	148.890
1	41	425	148.890
1	42	426	148.890
1	43	427	148.890
1	44	428	148.890
1	45	429	148.890
1	46	430	148.890
1	47	431	148.890
1	48	432	148.890
1	49	433	148.890
1	50	434	148.890
1	51	435	148.890
1	52	436	148.890
1	53	437	148.890
1	54	438	148.890
1	55	439	148.890
1	56	440	148.890
1	57	441	148.890
1	58	442	148.890
1	59	443	148.890
1	60	444	148.890
1	61	445	148.890
1	62	446	148.890
1	63	447	148.890
1	64	448	148.890
1	65	449	148.890
1	66	450	148.890
1	67	451	148.890
1	68	452	148.890
1	69	453	148.890
1	70	454	148.890
1	71	455	148.890
1	72	456	148.890
1	73	457	148.890
1	74	458	148.890
1	75	459	148.890
1	76	460	148.890
1	77	461	148.890
1	78	462	148.890
1	79	463	148.890
1	80	464	148.890
1	81	465	148.890
1	82	466	148.890
1	83	467	148.890
1	84	468	148.890
1	85	469	148.890
1	86	470	148.890
1	87	471	148.890
1	88	472	148.890
1	89	473	148.890
1	90	474	148.890
1	91	475	148.890
1	92	476	148.890
1	93	477	148.890
1	94	478	148.890
1	95	479	148.890
1	96	480	148.890
1	97	481	148.890
1	98	482	148.890
1	99	483	148.890
1	100	484	148.890
1	101	485	148.890
1	102	486	148.890
1	103	487	148.890
1	104	488	148.890
1	105	489	148.890
1	106	490	148.890
1	107	491	148.890
1	108	492	148.890
1	109	493	148.890
1	110	494	148.890
1	111	495	148.890
1	112	496	148.890
1	113	497	148.890
1	114	498	148.890
1	115	499	148.890
1	116	500	148.890
1	117	501	148.890
1	118	502	148.890
1	119	503	148.890
1	120	504	148.890
1	121	505	148.890
1	122	506	148.890
1	123	507	148.890
1	124	508	148.890
1	125	509	148.890
1	126	510	148.890
1	127	511	148.890
1	128	512	148.890
1	129	513	148.890
1	130	514	148.890
1	131	515	148.890
1	132	516	148.890
1	133	517	148.890
1	134	518	148.890
1	135	519	148.890
1	136	520	148.890
1	137	521	148.890
1	138	522	148.890
1	139	523	148.890
1	140	524	148.890
1	141	525	148.890
1	142	526	148.890
1	143	527	148.890
1	144	528	148.890
1	145	529	148.890
1	146	530	148.890
1	147	531	148.890
1	148	532	148.890
1	149	533	148.890
1	150	534	148.890
1	151	535	148.890
1	152	536	148.890
1	153	537	148.890
1	154	538	148.890
1	155	539	148.890
1	156	540	148.890
1	157	541	148.890
1	158	542	148.890
1	159	543	148.890
1	160	544	148.890
1	161	545	148.890
1	162	546	148.890
1	163	547	148.890
1	164	548	148.890
1	165	549	148.890
1	166	550	148.890
1	167	551	148.890
1	168	552	148.890
1	169	553	148.890
1	170	554	148.890
1	171	555	148.890
1	172	556	148.890
1	173	557	148.890
1	174	558	148.890
1	175	559	148.890
1	176	560	148.890
1	177	561	148.890
1	178	562	148.890
1	179	563	148.890
1	180	564	148.890
1	181	565	148.890
1	182	566	148.890
1	183	567	148.890
1	184	568	148.890
1	185	569	148.890
1	186	570	148.890
1	187	571	148.890
1	188	572	148.890
1	189	573	148.890
1	190	574	148.890
1	191	575	148.890
1	192	576	148.890
1	193	577	148.890
1	194	578	148.890
1	195	579	148.890
1	196	580	148.890
1	197	581	148.890
1	198	582	148.890
1	199	583	148.890
1	200	584	148.890
1	201	585	148.890
1	202	586	148.890
1	203	587	148.890
1	204	588	148.890
1	205	589	148.890
1	206	590	148.890
1	207	591	148.890
1	208	592	148.890
1	209	593	148.890
1	210	594	148.890
1	211	595	148.890
1	212	596	148.890
1	213	597	148.890
1	214	598	148.890
1	215	599	148.890
1	216	600	148.890
1	217	601	148.890
1	218	602	148.890
1	219	603	148.890
1	220	604	148.890
1	221	605	148.890
1	222	606	148.890
1	223	607	148.890
1	224	608	148.890
1	225	609	148.890
1	226	610	148.890
1	227	611	148.890
1	228	612	148.890
1	229	613	148.890
1	230	614	148.890
1	231	615	148.890
1	232	616	148.890
1	233	617	148.890
1	234	618	148.890
1	235	619	148.890
1	236	620	148.890
1	237	621	148.890
1	238	622	148.890
1	239	623	148.890
1	240	624	148.890
1	241	625	148.890
1	242	626	148.890
1	243	627	148.890
1	244	628	148.890
1	245	629	148.890
1	246	630	148.890
1	247	631	148.890
1	248	632	148.890
1	249	633	148.890
1	250	634	148.890
1	251	635	148.890
1	252	636	148.890
1	253	637	148.890
1	254	638	148.890
1	255	639	148.890
1	256	640	148.890
1	257	641	148.890
1	258	642	148.890
1	259	643	148.890
1	260	644	148.890
1	261	645	148.890
1	262	646	148.890
1	263	647	148.890
1	264	648	148.890
1	265	649	148.890
1	266	650	148.890
1	267	651	148.890
1	268	652	148.890
1	269	653	148.890
1	270	654	148.890
1	271	655	148.890
1	272	656	148.890
1	273	657	148.890
1	274	658	148.890
1	275	659	148.890
1	276	660	148.890
1	277	661	148.890
1	278	662	148.890
1	279	663	148.890
1	280	664	148.890
1	281	665	148.890
1	282	666	148.890
1	283	667	148.890
1	284	668	148.890
1	285	669	148.890
1	286	670	148.890
1	287	671	148.890
1	288	672	148.890
1	289	673	148.890
1	290	674	148.890
1	291	675	148.890
1	292	676	148.890
1	293	677	148.890
1	294	678	148.890
1	295	679	148.890
1	296	680	148.890
1	297	681	148.890
1	298	682	148.890
1	299	683	148.890
1	300	684	148.890
1	301	685	148.890
1	302	686	148.890
1	303	687	148.890
1	304	688	148.890
1	305	689	148.890
1	306	690	148.890
1	307	691	148.890
1	308	692	148.890
1	309	693	148.890
1	310	694	148.890
1	311	695	148.890
1	312	696	148.890
1	313	697	148.890
1	314	698	148.890
1	315	699	148.890
1	316	700	148.890
1	317	701	148.890
1	318	702	148.890
1	319	703	148.890
1	320	704	148.890
1	321	705	148.890
1	322	706	148.890
1	323	707	148.890
1	324	708	148.890
1	325	709	148.890
1	326	710	148.890
1	327	711	148.890
1	328	712	148.890
1	329	713	148.890
1	330	714	148.890
1	331	715	148.890
1	332	716	148.890
1	333	717	148.890
1	334	718	148.890
1	335	719	148.890
1	336	720	148.890
1	337	721	148.890
1	338	722	148.890
1	339	723	148.890
1	340	724	148.890
1	341	725	148.890
1	342	726	148.890
1	343	727	148.890
1	344	728	148.890
1	345	729	148.890
1	346	730	148.890
1	347	731	148.890
1	348	732	148.890
1	349	733	148.890
1	350	734	148.890
1	351	735	148.890
1	352	736	148.890
1	353	737	148.890
1	354	738	148.890
1	355	739	148.890
1	356	740	148.890
1	357	741	148.890
1	358	742	148.890
1	359	743	148.890
1	360	744	148.890
1	361	745	148.890
1	362	746	148.890
1	363	747	148.890
1	364	748	148.890
1	365	749	148.890
1	366	750	148.890
1	367	751	148.890
1	368	752	148.890
1	369	753	148.890
1	370	754	148.890
1	371	755	148.890
1	372	756	148.890
1	373	757	148.890
1	374	758	148.890
1	375	759	148.890
1	376	760	148.890
1	377	761	148.890
1	378	762	148.890
1	379	763	148.890
1	380	764	148.890
1	381	765	148.890
1	382	766	148.890
1	383	767	148.890
1	384	768	148.890
1	385	769	148.890
1	386	770	148.890
1	387	771	148.890
1	388	772	148.890
1	389	773	148.890
1	390	774	148.890
1	391	775	148.890
1	392	776	148.890
1	393	777	148.890
1	394	778	148.890
1	395	779	148.890
1	396	780	148.890
1	397	781	148.890
1	398	782	148.890
1	399	783	148.890
1	400	784	148.890
1	401	785	148.890
1	402	786	148.890
1	403	787	148.890
1	404	788	148.890
1	405	789	148.890
1	406	790	148.890
1	407	791	148.890
1	408	792	148.890
1	409	793	148.890
1	410	794	148.890
1	411	795	148.890
1	412	796	148.890
1	413	797	148.890
1	414	798	148.890
1	415	799	148.890
1	416	800	148.890
1	417	801	148.890
1	418	802	148.890
1	419	803	148.890
1	420	804	148.890
1	421	805	148.890
1	422	806	148.890
1	423	807	148.890
1	424	808	148.890
1	425	809	148.890
1	426	810	148.890
1	427	811	148.890
1	428	812	148.890
1	429	813	148.890
1	430	814	148.890
1	431	815	148.890
1	432	816	148.890
1	433	817	148.890
1	434	818	148.890
1	435	819	148.890
1	436	820	148.890
1	437	821	148.890
1	438	822	148.890
1	439	823	148.890
1	440	824	148.890
1	441	825	148.890
1	442	826	148.890
1	443	827	148.890
1	444	828	148.890
1	445	829	148.890
1	446	830	148.890
1	447	831	148.890
1	448	832	148.890
1	449	833	148.890
1	450	834	148.890
1	451	835	148.890
1	452	836	148.890
1	453	837	148.890
1	454	838	148.890
1	455	839	148.890
1	456	840	148.890
1	457	841	148.890
1	458	842	148.890
1	459	843	148.890
1	460	844	148.890
1	461	845	148.890
1	462	846	148.890
1	463	847	148.890
1	464	848	148.890
1	465	849	148.890
1	466	850	148.890
1	467	851	148.890
1	468	852	148.890
1	469	853	148.890
1	470	854	148.890
1	471	855	148.890
1	472	856	148.890
1	473	857	148.890
1	474	858	148.890
1	475	859	148.890
1	476	860	148.890
1	477	861	148.890
1	478	862	148.890
1	479	863	148.890
1	480	864	148.890
1	481	865	148.890
1	482	866	148.890
1	483	867	148.890
1	484	868	148.890
1	485	869	148.890
1	486	870	148.890
1	487	871	148.890
1	488	872	148.890
1	489	873	148.890
1	490	874	148.890
1	491	875	148.890
1	492	876	148.890
1	493	877	148.890
1	494	878	148.890
1	495	879	148.890
1	496	880	148.890
1	497	881	148.890
1	498	882	148.890
1	499	883	148.890
1	500	884	148.890
1	501	885	148.890
1	502	886	148.890
1	503	887	148.890
1	504	888	148.890
1	505	889	148.890
1	506	890	148.890
1	507	891	148.890
1	508	892	148.890
1	509	893	148.890
1	510	894	148.890
1	511	895	148.890
1	512	896	148.890
1	513	897	148.890
1	514	898	148.890
1	515	899	148.890
1	516	900	148.890
1	517	901	148.890
1	518	902	148.890
1	519	903	148.890
1	520	904	148.890
1	521	905	148.890
1	522	906	148.890
1	523	907	148.890
1	524	908	148.890
1	525	909	148.890
1	526	910	148.890
1	527	911	148.890
1	528	912	148.890
1	529	913	148.890
1	530	914	148.890
1	531	915	148.890
1	532	916	148.890
1	533	917	148.890
1	534	918	148.890
1	535	919	148.890
1	536	920	148.890
1	537	921	148.890
1	538	922	148.890
1	539	923	148.890
1	540	924	148.890
1	541	925	148.890
1	542	926	148.890
1	543	927	148.890
1	544	928	148.890
1	545	929	148.890
1	546	930	148.890
1	547	931	148.890
1	548	932	148.890
1	549	933	148.890
1	550	934	148.890
1	551	935	148.890
1	552	936	148.890
1	553	937	148.890
1	554	938	148.890
1	555	939	148.890
1	556	940	148.890
1	557	941	148.890
1	558	942	148.890
1	559	943	148.890
1	560	944	148.890
1	561	945	148.890
1	562	946	148.890
1	563	947	148.890
1	564	948	148.890
1	565	949	148.890
1	566	950	148.890
1	567	951	148.890
1	568	952	148.890
1	569	953	148.890
1	570	954	148.890
1	571	955	148.890
1	572	956	148.890
1	573	957	148.890
1	574	958	148.890
1	575	959	148.890
1	576	960	148.890
1	577	961	148.890
1	578	962	148.890
1	579	963	148.890
1	580	964	148.890
1	581	965	148.890
1	582	966	148.890
1	583	967	148.890
1	584	968	148.890
1	585	969	148.890
1	586	970	148.890
1	587	971	148.890
1	588	972	148.890
1	589	973	148.890
1	590	974	148.890
1	591	975	148.890
1	592	976	148.890
1	593	977	148.890
1	594	978	148.890
1	595	979	148.890
1	596	980	148.890
1	597	981	148.890
1	598	982	148.890
1	599	983	148.890
1	600	984	148.890
1	601	985	148.890
1	602	986	148.890
1	603	987	148.890
1	604	988	148.890
1	605	989	148.890
1	606	990	148.890
1	607	991	148.890
1	608	992	148.890
1	609	993	148.890
1	610	994	148.890
1	611	995	148.890
1	612	996	148.890
1	613	997	148.890
1	614	998	148.890
1	615	999	148.890
1	616	1000	148.890
1	617	1001	148.890
1	618	1002	148.890
1	619	1003	148.890
1	620	1004	148.890
1	621	1005	148.890
1	622	1006	148.890
1	623	1007	148.890
1	624	1008	148.890
1	625	1009	148.890
1	626	1010	148.890
1	627	1011	148.890
1	628	1012	148.890
1	629	1013	148.890
1	630	1014	148.890
1	631	1015	148.890
1	632	1016	148.890
1	633	1017	148.890
1	634	1018	148.890
1	635	1019	148.890
1	636	1020	148.890
1	637	1021	148.890
1	638	1022	148.890
1	639	1023	148.890
2	0	1024	168.000
2	1	1025	168.000
2	2	1026	168.000
2	3	1027	168.000
2	4	1028	168.000
2	5	1029	168.000
2	6	1030	168.000
2	7	1031	168.000
2	8	1032	168.000
2	9	1033	168.000
2	10	1034	168.000
2	11	1035	168.000
2	12	1036	168.000
2	13	1037	168.000
2	14	1038	168.000
2	15	1039	168.000
2	16	1040	168.000
2	17	1041	168.000
2	18	1042	168.000
2	19	1043	168.000
2	20	1044	168.000
2	21	1045	168.000
2	22	1046	168.000
2	23	1047	168.000
2	24	1048	168.000
2	25	1049	168.000
2	26	1050	168.000
2	27	1051	168.000
2	28	1052	168.000
2	29	1053	168.000
2	30	1054	168.000
2	31	1055	168.000
2	32	1056	168.000
2	33	1057	168.000
2	34	1058	168.000
2	35	1059	168.000
2	36	1060	168.000
2	37	1061	168.000
2	38	1062	168.000
2	39	1063	168.000
2	40	1064	168.000
2	41	1065	168.000
2	42	1066	168.000
2	43	1067	168.000
2	44	1068	168.000
2	45	1069	168.000
2	46	1070	168.000
2	47	1071	168.000
2	48	1072	168.000
2	49	1073	168.000
2	50	1074	168.000
2	51	1075	168.000
2	52	1076	168.000
2	53	1077	168.000
2	54	1078	168.000
2	55	1079	168.000
2	56	1080	168.000
2	57	1081	168.000
2	58	1082	168.000
2	59	1083	168.000
2	60	1084	168.000
2	61	1085	168.000
2	62	1086	168.000
2	63	1087	168.000
2	64	1088	168.000
2	65	1089	168.000
2	66	1090	168.000
2	67	1091	168.000
2	68	1092	168.000
2	69	1093	168.000
2	70	1094	168.000
2	71	1095	168.000
2	72	1096	168.000
2	73	1097	168.000
2	74	1098	168.000
2	75	1099	168.000
2	76	1100	168.000
2	77	1101	168.000
2	78	1102	168.000
2	79	1103	168.000
2	80	1104	168.000
2	81	1105	168.000
2	82	1106	168.000
2	83	1107	168.000
2	84	1108	168.000
2	85	1109	168.000
2	86	1110	168.000
2	87	1111	168.000
2	88	1112	168.000
2	89	1113	168.000
2	90	1114	168.000
2	91	1115	168.000
2	92	1116	168.000
2	93	1117	168.000
2	94	1118	168.000
2	95	1119	168.000
2	96	1120	168.000
2	97	1121	168.000
2	98	1122	168.000
2	99	1123	168.000
2	100	1124	168.000
2	101	1125	168.000
2	102	1126	168.000
2	103	1127	168.000
2	104	1128	168.000
2	105	1129	168.000
2	106	1130	168.000
2	107	1131	168.000
2	108	1132	168.000
2	109	1133	168.000
2	110	1134	168.000
2	111	1135	168.000
2	112	1136	168.000
2	113	1137	168.000
2	114	1138	168.000
2	115	1139	168.000
2	116	1140	168.000
2	117	1141	168.000
2	118	1142	168.000
2	119	1143	168.000
2	120	1144	168.000
2	121	1145	168.000
2	122	1146	168.000
2	123	1147	168.000
2	124	1148	168.000
2	125	1149	168.000
2	126	1150	168.000
2	127	1151	168.000
2	128	1152	168.000
2	129	1153	168.000
2	130	1154	168.000
2	131	1155	168.000
2	132	1156	168.000
2	133	1157	168.000
2	134	1158	168.000
2	135	1159	168.000
2	136	1160	168.000
2	137	1161	168.000
2	138	1162	168.000
2	139	1163	168.000
2	140	1164	168.000
2	141	1165	168.000
2	142	1166	168.000
2	143	1167	168.000
2	144	1168	168.000
2	145	1169	168.000
2	146	1170	168.000
2	147	1171	168.000
2	148	1172	168.000
2	149	1173	168.000
2	150	1174	168.000
2	151	1175	168.000
2	152	1176	168.000
2	153	1177	168.000
2	154	1178	168.000
2	155	1179	168.000
2	156	1180	168.000
2	157	1181	168.000
2	158	1182	168.000
2	159	1183	168.000
2	160	1184	168.000
2	161	1185	168.000
2	162	1186	168.000
2	163	1187	168.000
2	164	1188	168.000
2	165	1189	168.000
2	166	1190	168.000
2	167	1191	168.000
2	168	1192	168.000
2	169	1193	168.000
2	170	1194	168.000
2	171	1195	168.000
2	172	1196	168.000
2	173	1197	168.000
2	174	1198	168.000
2	175	1199	168.000
2	176	1200	168.000
2	177	1201	168.000
2	178	1202	168.000
2	179	1203	168.000
2	180	1204	168.000
2	181	1205	168.000
2	182	1206	168.000
2	183	1207	168.000
2	184	1208	168.000
2	185	1209	168.000
2	186	1210	168.000
2	187	1211	168.000
2	188	1212	168.000
2	189	1213	168.000
2	190	1214	168.000
2	191	1215	168.000
2	192	1216	168.000
2	193	1217	168.000
2	194	1218	168.000
2	195	1219	168.000
2	196	1220	168.000
2	197	1221	168.000
2	198	1222	168.000
2	199	1223	168.000
2	200	1224	168.000
2	201	1225	168.000
2	202	1226	168.000
2	203	1227	168.000
2	204	1228	168.000
2	205	1229	168.000
2	206	1230	168.000
2	207	1231	168.000
2	208	1232	168.000
2	209	1233	168.000
2	210	1234	168.000
2	211	1235	168.000
2	212	1236	168.000
2	213	1237	168.000
2	214	1238	168.000
2	215	1239	168.000
2	216	1240	168.000
2	217	1241	168.000
2	218	1242	168.000
2	219	1243	168.000
2	220	1244	168.000
2	221	1245	168.000
2	222	1246	168.000
2	223	1247	168.000
2	224	1248	168.000
2	225	1249	168.000
2	226	1250	168.000
2	227	1251	168.000
2	228	1252	168.000
2	229	1253	168.000
2	230	1254	168.000
2	231	1255	168.000
2	232	1256	168.000
2	233	1257	168.000
2	234	1258	168.000
2	235	1259	168.000
2	236	1260	168.000
2	237	1261	168.000
2	238	1262	168.000
2	239	1263	168.000
2	240	1264	168.000
2	241	1265	168.000
2	242	1266	168.000
2	243	1267	168.000
2	244	1268	168.000
2	245	1269	168.000
2	246	1270	168.000
2	247	1271	168.000
2	248	1272	168.000
2	249	1273	168.000
2	250	1274	168.000
2	251	1275	168.000
2	252	1276	168.000
2	253	1277	168.000
2	254	1278	168.000
2	255	1279	168.000
2	256	1280	168.000
2	257	1281	168.000
2	258	1282	168.000
2	259	1283	168.000
2	260	1284	168.000
2	261	1285	168.000
2	262	1286	168.000
2	263	1287	168.000
2	264	1288	168.000
2	265	1289	168.000
2	266	1290	168.000
2	267	1291	168.000
2	268	1292	168.000
2	269	1293	168.000
2	270	1294	168.000
2	271	1295	168.000
2	272	1296	168.000
2	273	1297	168.000
2	274	1298	168.000
2	275	1299	168.000
2	276	1300	168.000
2	277	1301	168.000
2	278	1302	168.000
2	279	1303	168.000
2	280	1304	168.000
2	281	1305	168.000
2	282	1306	168.000
2	283	1307	168.000
2	284	1308	168.000
2	285	1309	168.000
2	286	1310	168.000
2	287	1311	168.000
2	288	1312	168.000
2	289	1313	168.000
2	290	1314	168.000
2	291	1315	168.000
2	292	1316	168.000
2	293	1317	168.000
2	294	1318	168.000
2	295	1319	168.000
2	296	1320	168.000
2	297	1321	168.000
2	298	1322	168.000
2	299	1323	168.000
2	300	1324	168.000
2	301	1325	168.000
2	302	1326	168.000
2	303	1327	168.000
2	304	1328	168.000
2	305	1329	168.000
2	306	1330	168.000
2	307	1331	168.000
2	308	1332	168.000
2	309	1333	168.000
2	310	1334	168.000
2	311	1335	168.000
2	312	1336	168.000
2	313	1337	168.000
2	314	1338	168.000
2	315	1339	168.000
2	316	1340	168.000
2	317	1341	168.000
2	318	1342	168.000
2	319	1343	168.000
2	320	1344	168.000
2	321	1345	168.000
2	322	1346	168.000
2	323	1347	168.000
2	324	1348	168.000
2	325	1349	168.000
2	326	1350	168.000
2	327	1351	168.000
2	328	1352	168.000
2	329	1353	168.000
2	330	1354	168.000
2	331	1355	168.000
2	332	1356	168.000
2	333	1357	168.000
2	334	1358	168.000
2	335	1359	168.000
2	336	1360	168.000
2	337	1361	168.000
2	338	1362	168.000
2	339	1363	168.000
2	340	1364	168.000
2	341	1365	168.000
2	342	1366	168.000
2	343	1367	168.000
2	344	1368	168.000
2	345	1369	168.000
2	346	1370	168.000
2	347	1371	168.000
2	348	1372	168.000
2	349	1373	168.000
2	350	1374	168.000
2	351	1375	168.000
2	352	1376	168.000
2	353	1377	168.000
2	354	1378	168.000
2	355	1379	168.000
2	356	1380	168.000
2	357	1381	168.000
2	358	1382	168.000
2	359	1383	168.000
2	360	1384	168.000
2	361	1385	168.000
2	362	1386	168.000
2	363	1387	168.000
2	364	1388	168.000
2	365	1389	168.000
2	366	1390	168.000
2	367	1391	168.000
2	368	1392	168.000
2	369	1393	168.000
2	370	1394	168.000
2	371	1395	168.000
2	372	1396	168.000
2	373	1397	168.000
2	374	1398	168.000
2	375	1399	168.000
2	376	1400	168.000
2	377	1401	168.000
2	378	1402	168.000
2	379	1403	168.000
2	380	1404	168.000
2	381	1405	168.000
2	382	1406	168.000
2	383	1407	168.000
2	384	1408	168.000
2	385	1409	168.000
2	386	1410	168.000
2	387	1411	168.000
2	388	1412	168.000
2	389	1413	168.000
2	390	1414	168.000
2	391	1415	168.000
2	392	1416	168.000
2	393	1417	168.000
2	394	1418	168.000
2	395	1419	168.000
2	396	1420	168.000
2	397	1421	168.000
2	398	1422	168.000
2	399	1423	168.000
2	400	1424	168.000
2	401	1425	168.000
2	402	1426	168.000
2	403	1427	168.000
2	404	1428	168.000
2	405	1429	168.000
2	406	1430	168.000
2	407	1431	168.000
2	408	1432	168.000
2	409	1433	168.000
2	410	1434	168.000
2	411	1435	168.000
2	412	1436	168.000
2	413	1437	168.000
2	414	1438	168.000
2	415	1439	168.000
2	416	1440	168.000
2	417	1441	168.000
2	418	1442	168.000
2	419	1443	168.000
2	420	1444	168.000
2	421	1445	168.000
2	422	1446	168.000
2	423	1447	168.000
2	424	1448	168.000
2	425	1449	168.000
2	426	1450	168.000
2	427	1451	168.000
2	428	1452	168.000
2	429	1453	168.000
2	430	1454	168.000
2	431	1455	168.000
2	432	1456	168.000
2	433	1457	168.000
2	434	1458	168.000
2	435	1459	168.000
2	436	1460	168.000
2	437	1461	168.000
2	438	1462	168.000
2	439	1463	168.000
2	440	1464	168.000
2	441	1465	168.000
2	442	1466	168.000
2	443	1467	168.000
2	444	1468	168.000
2	445	1469	168.000
2	446	1470	168.000
2	447	1471	168.000
2	448	1472	168.000
2	449	1473	168.000
2	450	1474	168.000
2	451	1475	168.000
2	452	1476	168.000
2	453	1477	168.000
2	454	1478	168.000
2	455	1479	168.000
2	456	1480	168.000
2	457	1481	168.000
2	458	1482	168.000
2	459	1483	168.000
2	460	1484	168.000
2	461	1485	168.000
2	462	1486	168.000
2	463	1487	168.000
2	464	1488	168.000
2	465	1489	168.000
2	466	1490	168.000
2	467	1491	168.000
2	468	1492	168.000
2	469	1493	168.000
2	470	1494	168.000
2	471	1495	168.000
2	472	1496	168.000
2	473	1497	168.000
2	474	1498	168.000
2	475	1499	168.000
2	476	1500	168.000
2	477	1501	168.000
2	478	1502	168.000
2	479	1503	168.000
2	480	1504	168.000
2	481	1505	168.000
2	482	1506	168.000
2	483	1507	168.000
2	484	1508	168.000
2	485	1509	168.000
2	486	1510	168.000
2	487	1511	168.000
2	488	1512	168.000
2	489	1513	168.000
2	490	1514	168.000
2	491	1515	168.000
2	492	1516	168.000
2	493	1517	168.000
2	494	1518	168.000
2	495	1519	168.000
2	496	1520	168.000
2	497	1521	168.000
2	498	1522	168.000
2	499	1523	168.000
2	500	1524	168.000
2	501	1525	168.000
2	502	1526	168.000
2	503	1527	168.000
2	504	1528	168.000
2	505	1529	168.000
2	506	1530	168.000
2	507	1531	168.000
2	508	1532	168.000
2	509	1533	168.000
2	510	1534	168.000
2	511	1535	168.000
2	512	1536	168.000
2	513	1537	168.000
2	514	1538	168.000
2	515	1539	168.000
2	516	1540	168.000
2	517	1541	168.000
2	518	1542	168.000
2	519	1543	168.000
2	520	1544	168.000
2	521	1545	168.000
2	522	1546	168.000
2	523	1547	168.000
2	524	1548	168.000
2	525	1549	168.000
2	526	1550	168.000
2	527	1551	168.000
2	528	1552	168.000
2	529	1553	168.000
2	530	1554	168.000
2	531	1555	168.000
2	532	1556	168.000
2	533	1557	168.000
2	534	1558	168.000
2	535	1559	168.000
2	536	1560	168.000
2	537	1561	168.000
2	538	1562	168.000
2	539	1563	168.000
2	540	1564	168.000
2	541	1565	168.000
2	542	1566	168.000
2	543	1567	168.000
2	544	1568	168.000
2	545	1569	168.000
2	546	1570	168.000
2	547	1571	168.000
2	548	1572	168.000
2	549	1573	168.000
2	550	1574	168.000
2	551	1575	168.000
2	552	1576	168.000
2	553	1577	168.000
2	554	1578	168.000
2	555	1579	168.000
2	556	1580	168.000
2	557	1581	168.000
2	558	1582	168.000
2	559	1583	168.000
2	560	1584	168.000
2	561	1585	168.000
2	562	1586	168.000
2	563	1587	168.000
2	564	1588	168.000
2	565	1589	168.000
2	566	1590	168.000
2	567	1591	168.000
2	568	1592	168.000
2	569	1593	168.000
2	570	1594	168.000
2	571	1595	168.000
2	572	1596	168.000
2	573	1597	168.000
2	574	1598	168.000
2	575	1599	168.000
