#view channel globalchan length_cm
0	0	0	1.837
0	1	1	3.604
0	2	2	5.371
0	3	3	7.138
0	4	4	8.904
0	5	5	10.671
0	6	6	12.438
0	7	7	14.204
0	8	8	15.971
0	9	9	17.738
0	10	10	19.504
0	11	11	21.271
0	12	12	23.038
0	13	13	24.804
0	14	14	26.571
0	15	15	28.338
0	16	16	30.105
0	17	17	31.871
0	18	18	33.638
0	19	19	35.405
0	20	20	37.171
0	21	21	38.938
0	22	22	40.705
0	23	23	42.471
0	24	24	44.238
0	25	25	46.005
0	26	26	47.771
0	27	27	49.538
0	28	28	51.305
0	29	29	53.072
0	30	30	54.838
0	31	31	56.605
0	32	32	58.372
0	33	33	60.138
0	34	34	61.905
0	35	35	63.672
0	36	36	65.438
0	37	37	67.205
0	38	38	68.972
0	39	39	70.738
0	40	40	72.505
0	41	41	74.272
0	42	42	76.039
0	43	43	77.805
0	44	44	79.572
0	45	45	81.339
0	46	46	83.105
0	47	47	84.872
0	48	48	86.639
0	49	49	88.405
0	50	50	90.172
0	51	51	91.939
0	52	52	93.705
0	53	53	95.472
0	54	54	97.239
0	55	55	99.006
0	56	56	100.772
0	57	57	102.539
0	58	58	104.306
0	59	59	106.072
0	60	60	107.839
0	61	61	109.606
0	62	62	111.372
0	63	63	113.139
0	64	64	114.906
0	65	65	116.672
0	66	66	118.439
0	67	67	120.206
0	68	68	121.973
0	69	69	123.739
0	70	70	125.506
0	71	71	127.273
0	72	72	129.039
0	73	73	130.806
0	74	74	132.573
0	75	75	134.339
0	76	76	136.106
0	77	77	137.873
0	78	78	139.639
0	79	79	141.406
0	80	80	143.173
0	81	81	144.940
0	82	82	146.706
0	83	83	148.473
0	84	84	150.240
0	85	85	152.006
0	86	86	153.773
0	87	87	155.540
0	88	88	157.306
0	89	89	159.073
0	90	90	160.840
0	91	91	162.606
0	92	92	164.373
0	93	93	166.140
0	94	94	167.907
0	95	95	169.673
0	96	96	171.440
0	97	97	171.993
0	98	98	171.993
0	99	99	171.993
0	100	100	171.993
0	101	101	171.993
0	102	102	171.993
0	103	103	171.993
0	104	104	171.993
0	105	105	171.993
0	106	106	171.993
0	107	107	171.993
0	108	108	171.993
0	109	109	171.993
0	110	110	171.993
0	111	111	171.993
0	112	112	171.993
0	113	113	171.993
0	114	114	171.993
0	115	115	171.993
0	116	116	171.993
0	117	117	171.993
0	118	118	171.993
0	119	119	171.993
0	120	120	171.993
0	121	121	171.993
0	122	122	171.993
0	123	123	171.993
0	124	124	171.993
0	125	125	171.993
0	126	126	171.993
0	127	127	171.993
0	128	128	171.993
0	129	129	171.993
0	130	130	171.993
0	131	131	171.993
0	132	132	171.993
0	133	133	171.993
0	134	134	171.993
0	135	135	171.993
0	136	136	171.993
0	137	137	171.993
0	138	138	171.993
0	139	139	171.993
0	140	140	171.993
0	141	141	171.993
0	142	142	171.993
0	143	143	171.993
0	144	144	171.993
0	145	145	171.993
0	146	146	171.993
0	147	147	171.993
0	148	148	171.993
0	149	149	171.993
0	150	150	171.993
0	151	151	171.993
0	152	152	171.993
0	153	153	171.993
0	154	154	171.993
0	155	155	171.993
0	156	156	171.993
0	157	157	171.993
0	158	158	171.993
0	159	159	171.993
0	160	160	171.993
0	161	161	171.993
0	162	162	171.993
0	163	163	171.993
0	164	164	171.993
0	165	165	171.993
0	166	166	171.993
0	167	167	171.993
0	168	168	171.993
0	169	169	171.993
0	170	170	171.993
0	171	171	171.993
0	172	172	171.993
0	173	173	171.993
0	174	174	171.993
0	175	175	171.993
0	176	176	171.993
0	177	177	171.993
0	178	178	171.993
0	179	179	171.993
0	180	180	171.993
0	181	181	171.993
0	182	182	171.993
0	183	183	171.993
0	184	184	171.993
0	185	185	171.993
0	186	186	171.993
0	187	187	171.993
0	188	188	171.993
0	189	189	171.993
0	190	190	171.993
0	191	191	171.993
0	192	192	171.993
0	193	193	171.993
0	194	194	171.993
0	195	195	171.993
0	196	196	171.993
0	197	197	171.993
0	198	198	171.993
0	199	199	171.993
0	200	200	171.993
0	201	201	171.993
0	202	202	171.993
0	203	203	171.993
0	204	204	171.993
0	205	205	171.993
0	206	206	171.993
0	207	207	171.993
0	208	208	171.993
0	209	209	171.993
0	210	210	171.993
0	211	211	171.993
0	212	212	171.993
0	213	213	171.993
0	214	214	171.993
0	215	215	171.993
0	216	216	171.993
0	217	217	171.993
0	218	218	171.993
0	219	219	171.993
0	220	220	171.993
0	221	221	171.993
0	222	222	171.993
0	223	223	171.993
0	224	224	171.993
0	225	225	171.993
0	226	226	171.993
0	227	227	171.993
0	228	228	171.993
0	229	229	171.993
0	230	230	171.993
0	231	231	171.993
0	232	232	171.993
0	233	233	171.993
0	234	234	171.993
0	235	235	171.993
0	236	236	171.993
0	237	237	171.993
0	238	238	171.993
0	239	239	171.993
0	240	240	171.993
0	241	241	171.993
0	242	242	171.993
0	243	243	171.993
0	244	244	171.993
0	245	245	171.993
0	246	246	171.993
0	247	247	171.993
0	248	248	171.993
0	249	249	171.993
0	250	250	171.993
0	251	251	171.993
0	252	252	171.993
0	253	253	171.993
0	254	254	171.993
0	255	255	171.993
0	256	256	171.993
0	257	257	171.993
0	258	258	171.993
0	259	259	171.993
0	260	260	171.993
0	261	261	171.993
0	262	262	171.993
0	263	263	171.993
0	264	264	171.993
0	265	265	171.993
0	266	266	171.993
0	267	267	171.993
0	268	268	171.993
0	269	269	171.993
0	270	270	171.993
0	271	271	171.993
0	272	272	171.993
0	273	273	171.993
0	274	274	171.993
0	275	275	171.993
0	276	276	171.993
0	277	277	171.993
0	278	278	171.993
0	279	279	171.993
0	280	280	171.993
0	281	281	171.993
0	282	282	171.993
0	283	283	171.993
0	284	284	171.993
0	285	285	171.993
0	286	286	171.993
0	287	287	171.993
0	288	288	171.993
0	289	289	171.993
0	290	290	171.993
0	291	291	171.993
0	292	292	171.993
0	293	293	171.993
0	294	294	171.993
0	295	295	171.993
0	296	296	171.993
0	297	297	171.993
0	298	298	171.993
0	299	299	171.993
0	300	300	171.993
0	301	301	171.993
0	302	302	171.993
0	303	303	171.993
0	304	304	171.993
0	305	305	171.993
0	306	306	171.993
0	307	307	171.993
0	308	308	171.993
0	309	309	171.993
0	310	310	171.993
0	311	311	171.993
0	312	312	171.993
0	313	313	171.993
0	314	314	171.993
0	315	315	171.993
0	316	316	171.993
0	317	317	171.993
0	318	318	171.993
0	319	319	171.993
0	320	320	171.993
0	321	321	171.993
0	322	322	171.993
0	323	323	171.993
0	324	324	171.993
0	325	325	171.993
0	326	326	171.993
0	327	327	171.993
0	328	328	171.993
0	329	329	171.993
0	330	330	171.993
0	331	331	171.993
0	332	332	171.993
0	333	333	171.993
0	334	334	171.993
0	335	335	171.993
0	336	336	171.993
0	337	337	171.993
0	338	338	171.993
0	339	339	171.993
0	340	340	171.993
0	341	341	171.993
0	342	342	171.993
0	343	343	171.993
0	344	344	171.993
0	345	345	171.993
0	346	346	171.993
0	347	347	171.993
0	348	348	171.993
0	349	349	171.993
0	350	350	171.993
0	351	351	171.993
0	352	352	171.993
0	353	353	171.993
0	354	354	171.993
0	355	355	171.993
0	356	356	171.993
0	357	357	171.993
0	358	358	171.993
0	359	359	171.993
0	360	360	171.993
0	361	361	171.993
0	362	362	171.993
0	363	363	171.993
0	364	364	171.993
0	365	365	171.993
0	366	366	171.993
0	367	367	171.993
0	368	368	171.993
0	369	369	171.993
0	370	370	171.993
0	371	371	171.993
0	372	372	171.993
0	373	373	171.993
0	374	374	171.993
0	375	375	171.993
0	376	376	171.993
0	377	377	171.993
0	378	378	171.993
0	379	379	171.993
0	380	380	170.412
0	381	381	168.646
0	382	382	166.879
0	383	383	165.112
0	384	384	163.346
0	385	385	161.579
0	386	386	159.812
0	387	387	158.045
0	388	388	156.279
0	389	389	154.512
0	390	390	152.745
0	391	391	150.979
0	392	392	149.212
0	393	393	147.445
0	394	394	145.679
0	395	395	143.912
0	396	396	142.145
0	397	397	140.379
0	398	398	138.612
0	399	399	136.845
0	400	400	135.078
0	401	401	133.312
0	402	402	131.545
0	403	403	129.778
0	404	404	128.012
0	405	405	126.245
0	406	406	124.478
0	407	407	122.712
0	408	408	120.945
0	409	409	119.178
0	410	410	117.412
0	411	411	115.645
0	412	412	113.878
0	413	413	112.111
0	414	414	110.345
0	415	415	108.578
0	416	416	106.811
0	417	417	105.045
0	418	418	103.278
0	419	419	101.511
0	420	420	99.745
0	421	421	97.978
0	422	422	96.211
0	423	423	94.445
0	424	424	92.678
0	425	425	90.911
0	426	426	89.144
0	427	427	87.378
0	428	428	85.611
0	429	429	83.844
0	430	430	82.078
0	431	431	80.311
0	432	432	78.544
0	433	433	76.778
0	434	434	75.011
0	435	435	73.244
0	436	436	71.478
0	437	437	69.711
0	438	438	67.944
0	439	439	66.177
0	440	440	64.411
0	441	441	62.644
0	442	442	60.877
0	443	443	59.111
0	444	444	57.344
0	445	445	55.577
0	446	446	53.811
0	447	447	52.044
0	448	448	50.277
0	449	449	48.511
0	450	450	46.744
0	451	451	44.977
0	452	452	43.210
0	453	453	41.444
0	454	454	39.677
0	455	455	37.910
0	456	456	36.144
0	457	457	34.377
0	458	458	32.610
0	459	459	30.844
0	460	460	29.077
0	461	461	27.310
0	462	462	25.544
0	463	463	23.777
0	464	464	22.010
0	465	465	20.243
0	466	466	18.477
0	467	467	16.710
0	468	468	14.943
0	469	469	13.177
0	470	470	11.410
0	471	471	9.643
0	472	472	7.877
0	473	473	6.110
0	474	474	4.343
0	475	475	2.577
0	476	476	1.837
0	477	477	3.604
0	478	478	5.371
0	479	479	7.138
0	480	480	8.904
0	481	481	10.671
0	482	482	12.438
0	483	483	14.204
0	484	484	15.971
0	485	485	17.738
0	486	486	19.504
0	487	487	21.271
0	488	488	23.038
0	489	489	24.804
0	490	490	26.571
0	491	491	28.338
0	492	492	30.105
0	493	493	31.871
0	494	494	33.638
0	495	495	35.405
0	496	496	37.171
0	497	497	38.938
0	498	498	40.705
0	499	499	42.471
0	500	500	44.238
0	501	501	46.005
0	502	502	47.771
0	503	503	49.538
0	504	504	51.305
0	505	505	53.072
0	506	506	54.838
0	507	507	56.605
0	508	508	58.372
0	509	509	60.138
0	510	510	61.905
0	511	511	63.672
0	512	512	65.438
0	513	513	67.205
0	514	514	68.972
0	515	515	70.738
0	516	516	72.505
0	517	517	74.272
0	518	518	76.039
0	519	519	77.805
0	520	520	79.572
0	521	521	81.339
0	522	522	83.105
0	523	523	84.872
0	524	524	86.639
0	525	525	88.405
0	526	526	90.172
0	527	527	91.939
0	528	528	93.705
0	529	529	95.472
0	530	530	97.239
0	531	531	99.006
0	532	532	100.772
0	533	533	102.539
0	534	534	104.306
0	535	535	106.072
0	536	536	107.839
0	537	537	109.606
0	538	538	111.372
0	539	539	113.139
0	540	540	114.906
0	541	541	116.672
0	542	542	118.439
0	543	543	120.206
0	544	544	121.973
0	545	545	123.739
0	546	546	125.506
0	547	547	127.273
0	548	548	129.039
0	549	549	130.806
0	550	550	132.573
0	551	551	134.339
0	552	552	136.106
0	553	553	137.873
0	554	554	139.639
0	555	555	141.406
0	556	556	143.173
0	557	557	144.940
0	558	558	146.706
0	559	559	148.473
0	560	560	150.240
0	561	561	152.006
0	562	562	153.773
0	563	563	155.540
0	564	564	157.306
0	565	565	159.073
0	566	566	160.840
0	567	567	162.606
0	568	568	164.373
0	569	569	166.140
0	570	570	167.907
0	571	571	169.673
0	572	572	171.440
0	573	573	171.993
0	574	574	171.993
0	575	575	171.993
0	576	576	171.993
0	577	577	171.993
0	578	578	171.993
0	579	579	171.993
0	580	580	171.993
0	581	581	171.993
0	582	582	171.993
0	583	583	171.993
0	584	584	171.993
0	585	585	171.993
0	586	586	171.993
0	587	587	171.993
0	588	588	171.993
0	589	589	171.993
0	590	590	171.993
0	591	591	171.993
0	592	592	171.993
0	593	593	171.993
0	594	594	171.993
0	595	595	171.993
0	596	596	171.993
0	597	597	171.993
0	598	598	171.993
0	599	599	171.993
0	600	600	171.993
0	601	601	171.993
0	602	602	171.993
0	603	603	171.993
0	604	604	171.993
0	605	605	171.993
0	606	606	171.993
0	607	607	171.993
0	608	608	171.993
0	609	609	171.993
0	610	610	171.993
0	611	611	171.993
0	612	612	171.993
0	613	613	171.993
0	614	614	171.993
0	615	615	171.993
0	616	616	171.993
0	617	617	171.993
0	618	618	171.993
0	619	619	171.993
0	620	620	171.993
0	621	621	171.993
0	622	622	171.993
0	623	623	171.993
0	624	624	171.993
0	625	625	171.993
0	626	626	171.993
0	627	627	171.993
0	628	628	171.993
0	629	629	171.993
0	630	630	171.993
0	631	631	171.993
0	632	632	171.993
0	633	633	171.993
0	634	634	171.993
0	635	635	171.993
0	636	636	171.993
0	637	637	171.993
0	638	638	171.993
0	639	639	171.993
0	640	640	171.993
0	641	641	171.993
0	642	642	171.993
0	643	643	171.993
0	644	644	171.993
0	645	645	171.993
0	646	646	171.993
0	647	647	171.993
0	648	648	171.993
0	649	649	171.993
0	650	650	171.993
0	651	651	171.993
0	652	652	171.993
0	653	653	171.993
0	654	654	171.993
0	655	655	171.993
0	656	656	171.993
0	657	657	171.993
0	658	658	171.993
0	659	659	171.993
0	660	660	171.993
0	661	661	171.993
0	662	662	171.993
0	663	663	171.993
0	664	664	171.993
0	665	665	171.993
0	666	666	171.993
0	667	667	171.993
0	668	668	171.993
0	669	669	171.993
0	670	670	171.993
0	671	671	171.993
0	672	672	171.993
0	673	673	171.993
0	674	674	171.993
0	675	675	171.993
0	676	676	171.993
0	677	677	171.993
0	678	678	171.993
0	679	679	171.993
0	680	680	171.993
0	681	681	171.993
0	682	682	171.993
0	683	683	171.993
0	684	684	171.993
0	685	685	171.993
0	686	686	171.993
0	687	687	171.993
0	688	688	171.993
0	689	689	171.993
0	690	690	171.993
0	691	691	171.993
0	692	692	171.993
0	693	693	171.993
0	694	694	171.993
0	695	695	171.993
0	696	696	171.993
0	697	697	171.993
0	698	698	171.993
0	699	699	171.993
0	700	700	171.993
0	701	701	171.993
0	702	702	171.993
0	703	703	171.993
0	704	704	171.993
0	705	705	171.993
0	706	706	171.993
0	707	707	171.993
0	708	708	171.993
0	709	709	171.993
0	710	710	171.993
0	711	711	171.993
0	712	712	171.993
0	713	713	171.993
0	714	714	171.993
0	715	715	171.993
0	716	716	171.993
0	717	717	171.993
0	718	718	171.993
0	719	719	171.993
0	720	720	171.993
0	721	721	171.993
0	722	722	171.993
0	723	723	171.993
0	724	724	171.993
0	725	725	171.993
0	726	726	171.993
0	727	727	171.993
0	728	728	171.993
0	729	729	171.993
0	730	730	171.993
0	731	731	171.993
0	732	732	171.993
0	733	733	171.993
0	734	734	171.993
0	735	735	171.993
0	736	736	171.993
0	737	737	171.993
0	738	738	171.993
0	739	739	171.993
0	740	740	171.993
0	741	741	171.993
0	742	742	171.993
0	743	743	171.993
0	744	744	171.993
0	745	745	171.993
0	746	746	171.993
0	747	747	171.993
0	748	748	171.993
0	749	749	171.993
0	750	750	171.993
0	751	751	171.993
0	752	752	171.993
0	753	753	171.993
0	754	754	171.993
0	755	755	171.993
0	756	756	171.993
0	757	757	171.993
0	758	758	171.993
0	759	759	171.993
0	760	760	171.993
0	761	761	171.993
0	762	762	171.993
0	763	763	171.993
0	764	764	171.993
0	765	765	171.993
0	766	766	171.993
0	767	767	171.993
0	768	768	171.993
0	769	769	171.993
0	770	770	171.993
0	771	771	171.993
0	772	772	171.993
0	773	773	171.993
0	774	774	171.993
0	775	775	171.993
0	776	776	171.993
0	777	777	171.993
0	778	778	171.993
0	779	779	171.993
0	780	780	171.993
0	781	781	171.993
0	782	782	171.993
0	783	783	171.993
0	784	784	171.993
0	785	785	171.993
0	786	786	171.993
0	787	787	171.993
0	788	788	171.993
0	789	789	171.993
0	790	790	171.993
0	791	791	171.993
0	792	792	171.993
0	793	793	171.993
0	794	794	171.993
0	795	795	171.993
0	796	796	171.993
0	797	797	171.993
0	798	798	171.993
0	799	799	171.993
0	800	800	171.993
0	801	801	171.993
0	802	802	171.993
0	803	803	171.993
0	804	804	171.993
0	805	805	171.993
0	806	806	171.993
0	807	807	171.993
0	808	808	171.993
0	809	809	171.993
0	810	810	171.993
0	811	811	171.993
0	812	812	171.993
0	813	813	171.993
0	814	814	171.993
0	815	815	171.993
0	816	816	171.993
0	817	817	171.993
0	818	818	171.993
0	819	819	171.993
0	820	820	171.993
0	821	821	171.993
0	822	822	171.993
0	823	823	171.993
0	824	824	171.993
0	825	825	171.993
0	826	826	171.993
0	827	827	171.993
0	828	828	171.993
0	829	829	171.993
0	830	830	171.993
0	831	831	171.993
0	832	832	171.993
0	833	833	171.993
0	834	834	171.993
0	835	835	171.993
0	836	836	171.993
0	837	837	171.993
0	838	838	171.993
0	839	839	171.993
0	840	840	171.993
0	841	841	171.993
0	842	842	171.993
0	843	843	171.993
0	844	844	171.993
0	845	845	171.993
0	846	846	171.993
0	847	847	171.993
0	848	848	171.993
0	849	849	171.993
0	850	850	171.993
0	851	851	171.993
0	852	852	171.993
0	853	853	171.993
0	854	854	171.993
0	855	855	171.993
0	856	856	170.412
0	857	857	168.646
0	858	858	166.879
0	859	859	165.112
0	860	860	163.346
0	861	861	161.579
0	862	862	159.812
0	863	863	158.045
0	864	864	156.279
0	865	865	154.512
0	866	866	152.745
0	867	867	150.979
0	868	868	149.212
0	869	869	147.445
0	870	870	145.679
0	871	871	143.912
0	872	872	142.145
0	873	873	140.379
0	874	874	138.612
0	875	875	136.845
0	876	876	135.078
0	877	877	133.312
0	878	878	131.545
0	879	879	129.778
0	880	880	128.012
0	881	881	126.245
0	882	882	124.478
0	883	883	122.712
0	884	884	120.945
0	885	885	119.178
0	886	886	117.412
0	887	887	115.645
0	888	888	113.878
0	889	889	112.111
0	890	890	110.345
0	891	891	108.578
0	892	892	106.811
0	893	893	105.045
0	894	894	103.278
0	895	895	101.511
0	896	896	99.745
0	897	897	97.978
0	898	898	96.211
0	899	899	94.445
0	900	900	92.678
0	901	901	90.911
0	902	902	89.144
0	903	903	87.378
0	904	904	85.611
0	905	905	83.844
0	906	906	82.078
0	907	907	80.311
0	908	908	78.544
0	909	909	76.778
0	910	910	75.011
0	911	911	73.244
0	912	912	71.478
0	913	913	69.711
0	914	914	67.944
0	915	915	66.177
0	916	916	64.411
0	917	917	62.644
0	918	918	60.877
0	919	919	59.111
0	920	920	57.344
0	921	921	55.577
0	922	922	53.811
0	923	923	52.044
0	924	924	50.277
0	925	925	48.511
0	926	926	46.744
0	927	927	44.977
0	928	928	43.210
0	929	929	41.444
0	930	930	39.677
0	931	931	37.910
0	932	932	36.144
0	933	933	34.377
0	934	934	32.610
0	935	935	30.844
0	936	936	29.077
0	937	937	27.310
0	938	938	25.544
0	939	939	23.777
0	940	940	22.010
0	941	941	20.243
0	942	942	18.477
0	943	943	16.710
0	944	944	14.943
0	945	945	13.177
0	946	946	11.410
0	947	947	9.643
0	948	948	7.877
0	949	949	6.110
0	950	950	4.343
0	951	951	2.577
1	0	952	1.837
1	1	953	3.604
1	2	954	5.371
1	3	955	7.138
1	4	956	8.904
1	5	957	10.671
1	6	958	12.438
1	7	959	14.204
1	8	960	15.971
1	9	961	17.738
1	10	962	19.504
1	11	963	21.271
1	12	964	23.038
1	13	965	24.804
1	14	966	26.571
1	15	967	28.338
1	16	968	30.105
1	17	969	31.871
1	18	970	33.638
1	19	971	35.405
1	20	972	37.171
1	21	973	38.938
1	22	974	40.705
1	23	975	42.471
1	24	976	44.238
1	25	977	46.005
1	26	978	47.771
1	27	979	49.538
1	28	980	51.305
1	29	981	53.072
1	30	982	54.838
1	31	983	56.605
1	32	984	58.372
1	33	985	60.138
1	34	986	61.905
1	35	987	63.672
1	36	988	65.438
1	37	989	67.205
1	38	990	68.972
1	39	991	70.738
1	40	992	72.505
1	41	993	74.272
1	42	994	76.039
1	43	995	77.805
1	44	996	79.572
1	45	997	81.339
1	46	998	83.105
1	47	999	84.872
1	48	1000	86.639
1	49	1001	88.405
1	50	1002	90.172
1	51	1003	91.939
1	52	1004	93.705
1	53	1005	95.472
1	54	1006	97.239
1	55	1007	99.006
1	56	1008	100.772
1	57	1009	102.539
1	58	1010	104.306
1	59	1011	106.072
1	60	1012	107.839
1	61	1013	109.606
1	62	1014	111.372
1	63	1015	113.139
1	64	1016	114.906
1	65	1017	116.672
1	66	1018	118.439
1	67	1019	120.206
1	68	1020	121.973
1	69	1021	123.739
1	70	1022	125.506
1	71	1023	127.273
1	72	1024	129.039
1	73	1025	130.806
1	74	1026	132.573
1	75	1027	134.339
1	76	1028	136.106
1	77	1029	137.873
1	78	1030	139.639
1	79	1031	141.406
1	80	1032	143.173
1	81	1033	144.940
1	82	1034	146.706
1	83	1035	148.473
1	84	1036	150.240
1	85	1037	152.006
1	86	1038	153.773
1	87	1039	155.540
1	88	1040	157.306
1	89	1041	159.073
1	90	1042	160.840
1	91	1043	162.606
1	92	1044	164.373
1	93	1045	166.140
1	94	1046	167.907
1	95	1047	169.673
1	96	1048	171.440
1	97	1049	171.993
1	98	1050	171.993
1	99	1051	171.993
1	100	1052	171.993
1	101	1053	171.993
1	102	1054	171.993
1	103	1055	171.993
1	104	1056	171.993
1	105	1057	171.993
1	106	1058	171.993
1	107	1059	171.993
1	108	1060	171.993
1	109	1061	171.993
1	110	1062	171.993
1	111	1063	171.993
1	112	1064	171.993
1	113	1065	171.993
1	114	1066	171.993
1	115	1067	171.993
1	116	1068	171.993
1	117	1069	171.993
1	118	1070	171.993
1	119	1071	171.993
1	120	1072	171.993
1	121	1073	171.993
1	122	1074	171.993
1	123	1075	171.993
1	124	1076	171.993
1	125	1077	171.993
1	126	1078	171.993
1	127	1079	171.993
1	128	1080	171.993
1	129	1081	171.993
1	130	1082	171.993
1	131	1083	171.993
1	132	1084	171.993
1	133	1085	171.993
1	134	1086	171.993
1	135	1087	171.993
1	136	1088	171.993
1	137	1089	171.993
1	138	1090	171.993
1	139	1091	171.993
1	140	1092	171.993
1	141	1093	171.993
1	142	1094	171.993
1	143	1095	171.993
1	144	1096	171.993
1	145	1097	171.993
1	146	1098	171.993
1	147	1099	171.993
1	148	1100	171.993
1	149	1101	171.993
1	150	1102	171.993
1	151	1103	171.993
1	152	1104	171.993
1	153	1105	171.993
1	154	1106	171.993
1	155	1107	171.993
1	156	1108	171.993
1	157	1109	171.993
1	158	1110	171.993
1	159	1111	171.993
1	160	1112	171.993
1	161	1113	171.993
1	162	1114	171.993
1	163	1115	171.993
1	164	1116	171.993
1	165	1117	171.993
1	166	1118	171.993
1	167	1119	171.993
1	168	1120	171.993
1	169	1121	171.993
1	170	1122	171.993
1	171	1123	171.993
1	172	1124	171.993
1	173	1125	171.993
1	174	1126	171.993
1	175	1127	171.993
1	176	1128	171.993
1	177	1129	171.993
1	178	1130	171.993
1	179	1131	171.993
1	180	1132	171.993
1	181	1133	171.993
1	182	1134	171.993
1	183	1135	171.993
1	184	1136	171.993
1	185	1137	171.993
1	186	1138	171.993
1	187	1139	171.993
1	188	1140	171.993
1	189	1141	171.993
1	190	1142	171.993
1	191	1143	171.993
1	192	1144	171.993
1	193	1145	171.993
1	194	1146	171.993
1	195	1147	171.993
1	196	1148	171.993
1	197	1149	171.993
1	198	1150	171.993
1	199	1151	171.993
1	200	1152	171.993
1	201	1153	171.993
1	202	1154	171.993
1	203	1155	171.993
1	204	1156	171.993
1	205	1157	171.993
1	206	1158	171.993
1	207	1159	171.993
1	208	1160	171.993
1	209	1161	171.993
1	210	1162	171.993
1	211	1163	171.993
1	212	1164	171.993
1	213	1165	171.993
1	214	1166	171.993
1	215	1167	171.993
1	216	1168	171.993
1	217	1169	171.993
1	218	1170	171.993
1	219	1171	171.993
1	220	1172	171.993
1	221	1173	171.993
1	222	1174	171.993
1	223	1175	171.993
1	224	1176	171.993
1	225	1177	171.993
1	226	1178	171.993
1	227	1179	171.993
1	228	1180	171.993
1	229	1181	171.993
1	230	1182	171.993
1	231	1183	171.993
1	232	1184	171.993
1	233	1185	171.993
1	234	1186	171.993
1	235	1187	171.993
1	236	1188	171.993
1	237	1189	171.993
1	238	1190	171.993
1	239	1191	171.993
1	240	1192	171.993
1	241	1193	171.993
1	242	1194	171.993
1	243	1195	171.993
1	244	1196	171.993
1	245	1197	171.993
1	246	1198	171.993
1	247	1199	171.993
1	248	1200	171.993
1	249	1201	171.993
1	250	1202	171.993
1	251	1203	171.993
1	252	1204	171.993
1	253	1205	171.993
1	254	1206	171.993
1	255	1207	171.993
1	256	1208	171.993
1	257	1209	171.993
1	258	1210	171.993
1	259	1211	171.993
1	260	1212	171.993
1	261	1213	171.993
1	262	1214	171.993
1	263	1215	171.993
1	264	1216	171.993
1	265	1217	171.993
1	266	1218	171.993
1	267	1219	171.993
1	268	1220	171.993
1	269	1221	171.993
1	270	1222	171.993
1	271	1223	171.993
1	272	1224	171.993
1	273	1225	171.993
1	274	1226	171.993
1	275	1227	171.993
1	276	1228	171.993
1	277	1229	171.993
1	278	1230	171.993
1	279	1231	171.993
1	280	1232	171.993
1	281	1233	171.993
1	282	1234	171.993
1	283	1235	171.993
1	284	1236	171.993
1	285	1237	171.993
1	286	1238	171.993
1	287	1239	171.993
1	288	1240	171.993
1	289	1241	171.993
1	290	1242	171.993
1	291	1243	171.993
1	292	1244	171.993
1	293	1245	171.993
1	294	1246	171.993
1	295	1247	171.993
1	296	1248	171.993
1	297	1249	171.993
1	298	1250	171.993
1	299	1251	171.993
1	300	1252	171.993
1	301	1253	171.993
1	302	1254	171.993
1	303	1255	171.993
1	304	1256	171.993
1	305	1257	171.993
1	306	1258	171.993
1	307	1259	171.993
1	308	1260	171.993
1	309	1261	171.993
1	310	1262	171.993
1	311	1263	171.993
1	312	1264	171.993
1	313	1265	171.993
1	314	1266	171.993
1	315	1267	171.993
1	316	1268	171.993
1	317	1269	171.993
1	318	1270	171.993
1	319	1271	171.993
1	320	1272	171.993
1	321	1273	171.993
1	322	1274	171.993
1	323	1275	171.993
1	324	1276	171.993
1	325	1277	171.993
1	326	1278	171.993
1	327	1279	171.993
1	328	1280	171.993
1	329	1281	171.993
1	330	1282	171.993
1	331	1283	171.993
1	332	1284	171.993
1	333	1285	171.993
1	334	1286	171.993
1	335	1287	171.993
1	336	1288	171.993
1	337	1289	171.993
1	338	1290	171.993
1	339	1291	171.993
1	340	1292	171.993
1	341	1293	171.993
1	342	1294	171.993
1	343	1295	171.993
1	344	1296	171.993
1	345	1297	171.993
1	346	1298	171.993
1	347	1299	171.993
1	348	1300	171.993
1	349	1301	171.993
1	350	1302	171.993
1	351	1303	171.993
1	352	1304	171.993
1	353	1305	171.993
1	354	1306	171.993
1	355	1307	171.993
1	356	1308	171.993
1	357	1309	171.993
1	358	1310	171.993
1	359	1311	171.993
1	360	1312	171.993
1	361	1313	171.993
1	362	1314	171.993
1	363	1315	171.993
1	364	1316	171.993
1	365	1317	171.993
1	366	1318	171.993
1	367	1319	171.993
1	368	1320	171.993
1	369	1321	171.993
1	370	1322	171.993
1	371	1323	171.993
1	372	1324	171.993
1	373	1325	171.993
1	374	1326	171.993
1	375	1327	171.993
1	376	1328	171.993
1	377	1329	171.993
1	378	1330	171.993
1	379	1331	171.993
1	380	1332	170.412
1	381	1333	168.646
1	382	1334	166.879
1	383	1335	165.112
1	384	1336	163.346
1	385	1337	161.579
1	386	1338	159.812
1	387	1339	158.045
1	388	1340	156.279
1	389	1341	154.512
1	390	1342	152.745
1	391	1343	150.979
1	392	1344	149.212
1	393	1345	147.445
1	394	1346	145.679
1	395	1347	143.912
1	396	1348	142.145
1	397	1349	140.379
1	398	1350	138.612
1	399	1351	136.845
1	400	1352	135.078
1	401	1353	133.312
1	402	1354	131.545
1	403	1355	129.778
1	404	1356	128.012
1	405	1357	126.245
1	406	1358	124.478
1	407	1359	122.712
1	408	1360	120.945
1	409	1361	119.178
1	410	1362	117.412
1	411	1363	115.645
1	412	1364	113.878
1	413	1365	112.111
1	414	1366	110.345
1	415	1367	108.578
1	416	1368	106.811
1	417	1369	105.045
1	418	1370	103.278
1	419	1371	101.511
1	420	1372	99.745
1	421	1373	97.978
1	422	1374	96.211
1	423	1375	94.445
1	424	1376	92.678
1	425	1377	90.911
1	426	1378	89.144
1	427	1379	87.378
1	428	1380	85.611
1	429	1381	83.844
1	430	1382	82.078
1	431	1383	80.311
1	432	1384	78.544
1	433	1385	76.778
1	434	1386	75.011
1	435	1387	73.244
1	436	1388	71.478
1	437	1389	69.711
1	438	1390	67.944
1	439	1391	66.177
1	440	1392	64.411
1	441	1393	62.644
1	442	1394	60.877
1	443	1395	59.111
1	444	1396	57.344
1	445	1397	55.577
1	446	1398	53.811
1	447	1399	52.044
1	448	1400	50.277
1	449	1401	48.511
1	450	1402	46.744
1	451	1403	44.977
1	452	1404	43.210
1	453	1405	41.444
1	454	1406	39.677
1	455	1407	37.910
1	456	1408	36.144
1	457	1409	34.377
1	458	1410	32.610
1	459	1411	30.844
1	460	1412	29.077
1	461	1413	27.310
1	462	1414	25.544
1	463	1415	23.777
1	464	1416	22.010
1	465	1417	20.243
1	466	1418	18.477
1	467	1419	16.710
1	468	1420	14.943
1	469	1421	13.177
1	470	1422	11.410
1	471	1423	9.643
1	472	1424	7.877
1	473	1425	6.110
1	474	1426	4.343
1	475	1427	2.577
1	476	1428	1.837
1	477	1429	3.604
1	478	1430	5.371
1	479	1431	7.138
1	480	1432	8.904
1	481	1433	10.671
1	482	1434	12.438
1	483	1435	14.204
1	484	1436	15.971
1	485	1437	17.738
1	486	1438	19.504
1	487	1439	21.271
1	488	1440	23.038
1	489	1441	24.804
1	490	1442	26.571
1	491	1443	28.338
1	492	1444	30.105
1	493	1445	31.871
1	494	1446	33.638
1	495	1447	35.405
1	496	1448	37.171
1	497	1449	38.938
1	498	1450	40.705
1	499	1451	42.471
1	500	1452	44.238
1	501	1453	46.005
1	502	1454	47.771
1	503	1455	49.538
1	504	1456	51.305
1	505	1457	53.072
1	506	1458	54.838
1	507	1459	56.605
1	508	1460	58.372
1	509	1461	60.138
1	510	1462	61.905
1	511	1463	63.672
1	512	1464	65.438
1	513	1465	67.205
1	514	1466	68.972
1	515	1467	70.738
1	516	1468	72.505
1	517	1469	74.272
1	518	1470	76.039
1	519	1471	77.805
1	520	1472	79.572
1	521	1473	81.339
1	522	1474	83.105
1	523	1475	84.872
1	524	1476	86.639
1	525	1477	88.405
1	526	1478	90.172
1	527	1479	91.939
1	528	1480	93.705
1	529	1481	95.472
1	530	1482	97.239
1	531	1483	99.006
1	532	1484	100.772
1	533	1485	102.539
1	534	1486	104.306
1	535	1487	106.072
1	536	1488	107.839
1	537	1489	109.606
1	538	1490	111.372
1	539	1491	113.139
1	540	1492	114.906
1	541	1493	116.672
1	542	1494	118.439
1	543	1495	120.206
1	544	1496	121.973
1	545	1497	123.739
1	546	1498	125.506
1	547	1499	127.273
1	548	1500	129.039
1	549	1501	130.806
1	550	1502	132.573
1	551	1503	134.339
1	552	1504	136.106
1	553	1505	137.873
1	554	1506	139.639
1	555	1507	141.406
1	556	1508	143.173
1	557	1509	144.940
1	558	1510	146.706
1	559	1511	148.473
1	560	1512	150.240
1	561	1513	152.006
1	562	1514	153.773
1	563	1515	155.540
1	564	1516	157.306
1	565	1517	159.073
1	566	1518	160.840
1	567	1519	162.606
1	568	1520	164.373
1	569	1521	166.140
1	570	1522	167.907
1	571	1523	169.673
1	572	1524	171.440
1	573	1525	171.993
1	574	1526	171.993
1	575	1527	171.993
1	576	1528	171.993
1	577	1529	171.993
1	578	1530	171.993
1	579	1531	171.993
1	580	1532	171.993
1	581	1533	171.993
1	582	1534	171.993
1	583	1535	171.993
1	584	1536	171.993
1	585	1537	171.993
1	586	1538	171.993
1	587	1539	171.993
1	588	1540	171.993
1	589	1541	171.993
1	590	1542	171.993
1	591	1543	171.993
1	592	1544	171.993
1	593	1545	171.993
1	594	1546	171.993
1	595	1547	171.993
1	596	1548	171.993
1	597	1549	171.993
1	598	1550	171.993
1	599	1551	171.993
1	600	1552	171.993
1	601	1553	171.993
1	602	1554	171.993
1	603	1555	171.993
1	604	1556	171.993
1	605	1557	171.993
1	606	1558	171.993
1	607	1559	171.993
1	608	1560	171.993
1	609	1561	171.993
1	610	1562	171.993
1	611	1563	171.993
1	612	1564	171.993
1	613	1565	171.993
1	614	1566	171.993
1	615	1567	171.993
1	616	1568	171.993
1	617	1569	171.993
1	618	1570	171.993
1	619	1571	171.993
1	620	1572	171.993
1	621	1573	171.993
1	622	1574	171.993
1	623	1575	171.993
1	624	1576	171.993
1	625	1577	171.993
1	626	1578	171.993
1	627	1579	171.993
1	628	1580	171.993
1	629	1581	171.993
1	630	1582	171.993
1	631	1583	171.993
1	632	1584	171.993
1	633	1585	171.993
1	634	1586	171.993
1	635	1587	171.993
1	636	1588	171.993
1	637	1589	171.993
1	638	1590	171.993
1	639	1591	171.993
1	640	1592	171.993
1	641	1593	171.993
1	642	1594	171.993
1	643	1595	171.993
1	644	1596	171.993
1	645	1597	171.993
1	646	1598	171.993
1	647	1599	171.993
1	648	1600	171.993
1	649	1601	171.993
1	650	1602	171.993
1	651	1603	171.993
1	652	1604	171.993
1	653	1605	171.993
1	654	1606	171.993
1	655	1607	171.993
1	656	1608	171.993
1	657	1609	171.993
1	658	1610	171.993
1	659	1611	171.993
1	660	1612	171.993
1	661	1613	171.993
1	662	1614	171.993
1	663	1615	171.993
1	664	1616	171.993
1	665	1617	171.993
1	666	1618	171.993
1	667	1619	171.993
1	668	1620	171.993
1	669	1621	171.993
1	670	1622	171.993
1	671	1623	171.993
1	672	1624	171.993
1	673	1625	171.993
1	674	1626	171.993
1	675	1627	171.993
1	676	1628	171.993
1	677	1629	171.993
1	678	1630	171.993
1	679	1631	171.993
1	680	1632	171.993
1	681	1633	171.993
1	682	1634	171.993
1	683	1635	171.993
1	684	1636	171.993
1	685	1637	171.993
1	686	1638	171.993
1	687	1639	171.993
1	688	1640	171.993
1	689	1641	171.993
1	690	1642	171.993
1	691	1643	171.993
1	692	1644	171.993
1	693	1645	171.993
1	694	1646	171.993
1	695	1647	171.993
1	696	1648	171.993
1	697	1649	171.993
1	698	1650	171.993
1	699	1651	171.993
1	700	1652	171.993
1	701	1653	171.993
1	702	1654	171.993
1	703	1655	171.993
1	704	1656	171.993
1	705	1657	171.993
1	706	1658	171.993
1	707	1659	171.993
1	708	1660	171.993
1	709	1661	171.993
1	710	1662	171.993
1	711	1663	171.993
1	712	1664	171.993
1	713	1665	171.993
1	714	1666	171.993
1	715	1667	171.993
1	716	1668	171.993
1	717	1669	171.993
1	718	1670	171.993
1	719	1671	171.993
1	720	1672	171.993
1	721	1673	171.993
1	722	1674	171.993
1	723	1675	171.993
1	724	1676	171.993
1	725	1677	171.993
1	726	1678	171.993
1	727	1679	171.993
1	728	1680	171.993
1	729	1681	171.993
1	730	1682	171.993
1	731	1683	171.993
1	732	1684	171.993
1	733	1685	171.993
1	734	1686	171.993
1	735	1687	171.993
1	736	1688	171.993
1	737	1689	171.993
1	738	1690	171.993
1	739	1691	171.993
1	740	1692	171.993
1	741	1693	171.993
1	742	1694	171.993
1	743	1695	171.993
1	744	1696	171.993
1	745	1697	171.993
1	746	1698	171.993
1	747	1699	171.993
1	748	1700	171.993
1	749	1701	171.993
1	750	1702	171.993
1	751	1703	171.993
1	752	1704	171.993
1	753	1705	171.993
1	754	1706	171.993
1	755	1707	171.993
1	756	1708	171.993
1	757	1709	171.993
1	758	1710	171.993
1	759	1711	171.993
1	760	1712	171.993
1	761	1713	171.993
1	762	1714	171.993
1	763	1715	171.993
1	764	1716	171.993
1	765	1717	171.993
1	766	1718	171.993
1	767	1719	171.993
1	768	1720	171.993
1	769	1721	171.993
1	770	1722	171.993
1	771	1723	171.993
1	772	1724	171.993
1	773	1725	171.993
1	774	1726	171.993
1	775	1727	171.993
1	776	1728	171.993
1	777	1729	171.993
1	778	1730	171.993
1	779	1731	171.993
1	780	1732	171.993
1	781	1733	171.993
1	782	1734	171.993
1	783	1735	171.993
1	784	1736	171.993
1	785	1737	171.993
1	786	1738	171.993
1	787	1739	171.993
1	788	1740	171.993
1	789	1741	171.993
1	790	1742	171.993
1	791	1743	171.993
1	792	1744	171.993
1	793	1745	171.993
1	794	1746	171.993
1	795	1747	171.993
1	796	1748	171.993
1	797	1749	171.993
1	798	1750	171.993
1	799	1751	171.993
1	800	1752	171.993
1	801	1753	171.993
1	802	1754	171.993
1	803	1755	171.993
1	804	1756	171.993
1	805	1757	171.993
1	806	1758	171.993
1	807	1759	171.993
1	808	1760	171.993
1	809	1761	171.993
1	810	1762	171.993
1	811	1763	171.993
1	812	1764	171.993
1	813	1765	171.993
1	814	1766	171.993
1	815	1767	171.993
1	816	1768	171.993
1	817	1769	171.993
1	818	1770	171.993
1	819	1771	171.993
1	820	1772	171.993
1	821	1773	171.993
1	822	1774	171.993
1	823	1775	171.993
1	824	1776	171.993
1	825	1777	171.993
1	826	1778	171.993
1	827	1779	171.993
1	828	1780	171.993
1	829	1781	171.993
1	830	1782	171.993
1	831	1783	171.993
1	832	1784	171.993
1	833	1785	171.993
1	834	1786	171.993
1	835	1787	171.993
1	836	1788	171.993
1	837	1789	171.993
1	838	1790	171.993
1	839	1791	171.993
1	840	1792	171.993
1	841	1793	171.993
1	842	1794	171.993
1	843	1795	171.993
1	844	1796	171.993
1	845	1797	171.993
1	846	1798	171.993
1	847	1799	171.993
1	848	1800	171.993
1	849	1801	171.993
1	850	1802	171.993
1	851	1803	171.993
1	852	1804	171.993
1	853	1805	171.993
1	854	1806	171.993
1	855	1807	171.993
1	856	1808	170.412
1	857	1809	168.646
1	858	1810	166.879
1	859	1811	165.112
1	860	1812	163.346
1	861	1813	161.579
1	862	1814	159.812
1	863	1815	158.045
1	864	1816	156.279
1	865	1817	154.512
1	866	1818	152.745
1	867	1819	150.979
1	868	1820	149.212
1	869	1821	147.445
1	870	1822	145.679
1	871	1823	143.912
1	872	1824	142.145
1	873	1825	140.379
1	874	1826	138.612
1	875	1827	136.845
1	876	1828	135.078
1	877	1829	133.312
1	878	1830	131.545
1	879	1831	129.778
1	880	1832	128.012
1	881	1833	126.245
1	882	1834	124.478
1	883	1835	122.712
1	884	1836	120.945
1	885	1837	119.178
1	886	1838	117.412
1	887	1839	115.645
1	888	1840	113.878
1	889	1841	112.111
1	890	1842	110.345
1	891	1843	108.578
1	892	1844	106.811
1	893	1845	105.045
1	894	1846	103.278
1	895	1847	101.511
1	896	1848	99.745
1	897	1849	97.978
1	898	1850	96.211
1	899	1851	94.445
1	900	1852	92.678
1	901	1853	90.911
1	902	1854	89.144
1	903	1855	87.378
1	904	1856	85.611
1	905	1857	83.844
1	906	1858	82.078
1	907	1859	80.311
1	908	1860	78.544
1	909	1861	76.778
1	910	1862	75.011
1	911	1863	73.244
1	912	1864	71.478
1	913	1865	69.711
1	914	1866	67.944
1	915	1867	66.177
1	916	1868	64.411
1	917	1869	62.644
1	918	1870	60.877
1	919	1871	59.111
1	920	1872	57.344
1	921	1873	55.577
1	922	1874	53.811
1	923	1875	52.044
1	924	1876	50.277
1	925	1877	48.511
1	926	1878	46.744
1	927	1879	44.977
1	928	1880	43.210
1	929	1881	41.444
1	930	1882	39.677
1	931	1883	37.910
1	932	1884	36.144
1	933	1885	34.377
1	934	1886	32.610
1	935	1887	30.844
1	936	1888	29.077
1	937	1889	27.310
1	938	1890	25.544
1	939	1891	23.777
1	940	1892	22.010
1	941	1893	20.243
1	942	1894	18.477
1	943	1895	16.710
1	944	1896	14.943
1	945	1897	13.177
1	946	1898	11.410
1	947	1899	9.643
1	948	1900	7.877
1	949	1901	6.110
1	950	1902	4.343
1	951	1903	2.577
2	0	1904	169.903
2	1	1905	169.903
2	2	1906	169.903
2	3	1907	169.903
2	4	1908	169.903
2	5	1909	169.903
2	6	1910	169.903
2	7	1911	169.903
2	8	1912	169.903
2	9	1913	169.903
2	10	1914	169.903
2	11	1915	169.903
2	12	1916	169.903
2	13	1917	169.903
2	14	1918	169.903
2	15	1919	169.903
2	16	1920	169.903
2	17	1921	169.903
2	18	1922	169.903
2	19	1923	169.903
2	20	1924	169.903
2	21	1925	169.903
2	22	1926	169.903
2	23	1927	169.903
2	24	1928	169.903
2	25	1929	169.903
2	26	1930	169.903
2	27	1931	169.903
2	28	1932	169.903
2	29	1933	169.903
2	30	1934	169.903
2	31	1935	169.903
2	32	1936	169.903
2	33	1937	169.903
2	34	1938	169.903
2	35	1939	169.903
2	36	1940	169.903
2	37	1941	169.903
2	38	1942	169.903
2	39	1943	169.903
2	40	1944	169.903
2	41	1945	169.903
2	42	1946	169.903
2	43	1947	169.903
2	44	1948	169.903
2	45	1949	169.903
2	46	1950	169.903
2	47	1951	169.903
2	48	1952	169.903
2	49	1953	169.903
2	50	1954	169.903
2	51	1955	169.903
2	52	1956	169.903
2	53	1957	169.903
2	54	1958	169.903
2	55	1959	169.903
2	56	1960	169.903
2	57	1961	169.903
2	58	1962	169.903
2	59	1963	169.903
2	60	1964	169.903
2	61	1965	169.903
2	62	1966	169.903
2	63	1967	169.903
2	64	1968	169.903
2	65	1969	169.903
2	66	1970	169.903
2	67	1971	169.903
2	68	1972	169.903
2	69	1973	169.903
2	70	1974	169.903
2	71	1975	169.903
2	72	1976	169.903
2	73	1977	169.903
2	74	1978	169.903
2	75	1979	169.903
2	76	1980	169.903
2	77	1981	169.903
2	78	1982	169.903
2	79	1983	169.903
2	80	1984	169.903
2	81	1985	169.903
2	82	1986	169.903
2	83	1987	169.903
2	84	1988	169.903
2	85	1989	169.903
2	86	1990	169.903
2	87	1991	169.903
2	88	1992	169.903
2	89	1993	169.903
2	90	1994	169.903
2	91	1995	169.903
2	92	1996	169.903
2	93	1997	169.903
2	94	1998	169.903
2	95	1999	169.903
2	96	2000	169.903
2	97	2001	169.903
2	98	2002	169.903
2	99	2003	169.903
2	100	2004	169.903
2	101	2005	169.903
2	102	2006	169.903
2	103	2007	169.903
2	104	2008	169.903
2	105	2009	169.903
2	106	2010	169.903
2	107	2011	169.903
2	108	2012	169.903
2	109	2013	169.903
2	110	2014	169.903
2	111	2015	169.903
2	112	2016	169.903
2	113	2017	169.903
2	114	2018	169.903
2	115	2019	169.903
2	116	2020	169.903
2	117	2021	169.903
2	118	2022	169.903
2	119	2023	169.903
2	120	2024	169.903
2	121	2025	169.903
2	122	2026	169.903
2	123	2027	169.903
2	124	2028	169.903
2	125	2029	169.903
2	126	2030	169.903
2	127	2031	169.903
2	128	2032	169.903
2	129	2033	169.903
2	130	2034	169.903
2	131	2035	169.903
2	132	2036	169.903
2	133	2037	169.903
2	134	2038	169.903
2	135	2039	169.903
2	136	2040	169.903
2	137	2041	169.903
2	138	2042	169.903
2	139	2043	169.903
2	140	2044	169.903
2	141	2045	169.903
2	142	2046	169.903
2	143	2047	169.903
2	144	2048	169.903
2	145	2049	169.903
2	146	2050	169.903
2	147	2051	169.903
2	148	2052	169.903
2	149	2053	169.903
2	150	2054	169.903
2	151	2055	169.903
2	152	2056	169.903
2	153	2057	169.903
2	154	2058	169.903
2	155	2059	169.903
2	156	2060	169.903
2	157	2061	169.903
2	158	2062	169.903
2	159	2063	169.903
2	160	2064	169.903
2	161	2065	169.903
2	162	2066	169.903
2	163	2067	169.903
2	164	2068	169.903
2	165	2069	169.903
2	166	2070	169.903
2	167	2071	169.903
2	168	2072	169.903
2	169	2073	169.903
2	170	2074	169.903
2	171	2075	169.903
2	172	2076	169.903
2	173	2077	169.903
2	174	2078	169.903
2	175	2079	169.903
2	176	2080	169.903
2	177	2081	169.903
2	178	2082	169.903
2	179	2083	169.903
2	180	2084	169.903
2	181	2085	169.903
2	182	2086	169.903
2	183	2087	169.903
2	184	2088	169.903
2	185	2089	169.903
2	186	2090	169.903
2	187	2091	169.903
2	188	2092	169.903
2	189	2093	169.903
2	190	2094	169.903
2	191	2095	169.903
2	192	2096	169.903
2	193	2097	169.903
2	194	2098	169.903
2	195	2099	169.903
2	196	2100	169.903
2	197	2101	169.903
2	198	2102	169.903
2	199	2103	169.903
2	200	2104	169.903
2	201	2105	169.903
2	202	2106	169.903
2	203	2107	169.903
2	204	2108	169.903
2	205	2109	169.903
2	206	2110	169.903
2	207	2111	169.903
2	208	2112	169.903
2	209	2113	169.903
2	210	2114	169.903
2	211	2115	169.903
2	212	2116	169.903
2	213	2117	169.903
2	214	2118	169.903
2	215	2119	169.903
2	216	2120	169.903
2	217	2121	169.903
2	218	2122	169.903
2	219	2123	169.903
2	220	2124	169.903
2	221	2125	169.903
2	222	2126	169.903
2	223	2127	169.903
2	224	2128	169.903
2	225	2129	169.903
2	226	2130	169.903
2	227	2131	169.903
2	228	2132	169.903
2	229	2133	169.903
2	230	2134	169.903
2	231	2135	169.903
2	232	2136	169.903
2	233	2137	169.903
2	234	2138	169.903
2	235	2139	169.903
2	236	2140	169.903
2	237	2141	169.903
2	238	2142	169.903
2	239	2143	169.903
2	240	2144	169.903
2	241	2145	169.903
2	242	2146	169.903
2	243	2147	169.903
2	244	2148	169.903
2	245	2149	169.903
2	246	2150	169.903
2	247	2151	169.903
2	248	2152	169.903
2	249	2153	169.903
2	250	2154	169.903
2	251	2155	169.903
2	252	2156	169.903
2	253	2157	169.903
2	254	2158	169.903
2	255	2159	169.903
2	256	2160	169.903
2	257	2161	169.903
2	258	2162	169.903
2	259	2163	169.903
2	260	2164	169.903
2	261	2165	169.903
2	262	2166	169.903
2	263	2167	169.903
2	264	2168	169.903
2	265	2169	169.903
2	266	2170	169.903
2	267	2171	169.903
2	268	2172	169.903
2	269	2173	169.903
2	270	2174	169.903
2	271	2175	169.903
2	272	2176	169.903
2	273	2177	169.903
2	274	2178	169.903
2	275	2179	169.903
2	276	2180	169.903
2	277	2181	169.903
2	278	2182	169.903
2	279	2183	169.903
2	280	2184	169.903
2	281	2185	169.903
2	282	2186	169.903
2	283	2187	169.903
2	284	2188	169.903
2	285	2189	169.903
2	286	2190	169.903
2	287	2191	169.903
2	288	2192	169.903
2	289	2193	169.903
2	290	2194	169.903
2	291	2195	169.903
2	292	2196	165.898
2	293	2197	165.898
2	294	2198	165.898
2	295	2199	165.898
2	296	2200	165.898
2	297	2201	165.898
2	298	2202	165.898
2	299	2203	165.898
2	300	2204	165.898
2	301	2205	165.898
2	302	2206	165.898
2	303	2207	165.898
2	304	2208	165.898
2	305	2209	165.898
2	306	2210	165.898
2	307	2211	165.898
2	308	2212	165.898
2	309	2213	165.898
2	310	2214	165.898
2	311	2215	165.898
2	312	2216	165.898
2	313	2217	165.898
2	314	2218	165.898
2	315	2219	165.898
2	316	2220	165.898
2	317	2221	165.898
2	318	2222	165.898
2	319	2223	165.898
2	320	2224	165.898
2	321	2225	165.898
2	322	2226	165.898
2	323	2227	165.898
2	324	2228	165.898
2	325	2229	165.898
2	326	2230	165.898
2	327	2231	165.898
2	328	2232	165.898
2	329	2233	165.898
2	330	2234	165.898
2	331	2235	165.898
2	332	2236	165.898
2	333	2237	165.898
2	334	2238	165.898
2	335	2239	165.898
2	336	2240	165.898
2	337	2241	165.898
2	338	2242	165.898
2	339	2243	165.898
2	340	2244	165.898
2	341	2245	165.898
2	342	2246	165.898
2	343	2247	165.898
2	344	2248	165.898
2	345	2249	165.898
2	346	2250	165.898
2	347	2251	165.898
2	348	2252	165.898
2	349	2253	165.898
2	350	2254	165.898
2	351	2255	165.898
2	352	2256	165.898
2	353	2257	165.898
2	354	2258	165.898
2	355	2259	165.898
2	356	2260	165.898
2	357	2261	165.898
2	358	2262	165.898
2	359	2263	165.898
2	360	2264	165.898
2	361	2265	165.898
2	362	2266	165.898
2	363	2267	165.898
2	364	2268	165.898
2	365	2269	165.898
2	366	2270	165.898
2	367	2271	165.898
2	368	2272	165.898
2	369	2273	165.898
2	370	2274	165.898
2	371	2275	165.898
2	372	2276	165.898
2	373	2277	165.898
2	374	2278	165.898
2	375	2279	165.898
2	376	2280	165.898
2	377	2281	165.898
2	378	2282	165.898
2	379	2283	165.898
2	380	2284	165.898
2	381	2285	165.898
2	382	2286	165.898
2	383	2287	165.898
2	384	2288	165.898
2	385	2289	165.898
2	386	2290	165.898
2	387	2291	165.898
2	388	2292	165.898
2	389	2293	165.898
2	390	2294	165.898
2	391	2295	165.898
2	392	2296	165.898
2	393	2297	165.898
2	394	2298	165.898
2	395	2299	165.898
2	396	2300	165.898
2	397	2301	165.898
2	398	2302	165.898
2	399	2303	165.898
2	400	2304	165.898
2	401	2305	165.898
2	402	2306	165.898
2	403	2307	165.898
2	404	2308	165.898
2	405	2309	165.898
2	406	2310	165.898
2	407	2311	165.898
2	408	2312	165.898
2	409	2313	165.898
2	410	2314	165.898
2	411	2315	165.898
2	412	2316	165.898
2	413	2317	165.898
2	414	2318	165.898
2	415	2319	165.898
2	416	2320	165.898
2	417	2321	165.898
2	418	2322	165.898
2	419	2323	165.898
2	420	2324	165.898
2	421	2325	165.898
2	422	2326	165.898
2	423	2327	165.898
2	424	2328	165.898
2	425	2329	165.898
2	426	2330	165.898
2	427	2331	165.898
2	428	2332	165.898
2	429	2333	165.898
2	430	2334	165.898
2	431	2335	165.898
2	432	2336	165.898
2	433	2337	165.898
2	434	2338	165.898
2	435	2339	165.898
2	436	2340	165.898
2	437	2341	165.898
2	438	2342	165.898
2	439	2343	165.898
2	440	2344	165.898
2	441	2345	165.898
2	442	2346	165.898
2	443	2347	165.898
2	444	2348	165.898
2	445	2349	165.898
2	446	2350	165.898
2	447	2351	165.898
2	448	2352	165.898
2	449	2353	165.898
2	450	2354	165.898
2	451	2355	165.898
2	452	2356	165.898
2	453	2357	165.898
2	454	2358	165.898
2	455	2359	165.898
2	456	2360	165.898
2	457	2361	165.898
2	458	2362	165.898
2	459	2363	165.898
2	460	2364	165.898
2	461	2365	165.898
2	462	2366	165.898
2	463	2367	165.898
2	464	2368	165.898
2	465	2369	165.898
2	466	2370	165.898
2	467	2371	165.898
2	468	2372	165.898
2	469	2373	165.898
2	470	2374	165.898
2	471	2375	165.898
2	472	2376	165.898
2	473	2377	165.898
2	474	2378	165.898
2	475	2379	165.898
2	476	2380	165.898
2	477	2381	165.898
2	478	2382	165.898
2	479	2383	165.898
2	480	2384	165.898
2	481	2385	165.898
2	482	2386	165.898
2	483	2387	165.898
2	484	2388	165.898
2	485	2389	165.898
2	486	2390	165.898
2	487	2391	165.898
2	488	2392	165.898
2	489	2393	165.898
2	490	2394	165.898
2	491	2395	165.898
2	492	2396	165.898
2	493	2397	165.898
2	494	2398	165.898
2	495	2399	165.898
2	496	2400	165.898
2	497	2401	165.898
2	498	2402	165.898
2	499	2403	165.898
2	500	2404	165.898
2	501	2405	165.898
2	502	2406	165.898
2	503	2407	165.898
2	504	2408	165.898
2	505	2409	165.898
2	506	2410	165.898
2	507	2411	165.898
2	508	2412	165.898
2	509	2413	165.898
2	510	2414	165.898
2	511	2415	165.898
2	512	2416	165.898
2	513	2417	165.898
2	514	2418	165.898
2	515	2419	165.898
2	516	2420	165.898
2	517	2421	165.898
2	518	2422	165.898
2	519	2423	165.898
2	520	2424	165.898
2	521	2425	165.898
2	522	2426	165.898
2	523	2427	165.898
2	524	2428	165.898
2	525	2429	165.898
2	526	2430	165.898
2	527	2431	165.898
2	528	2432	165.898
2	529	2433	165.898
2	530	2434	165.898
2	531	2435	165.898
2	532	2436	165.898
2	533	2437	165.898
2	534	2438	165.898
2	535	2439	165.898
2	536	2440	165.898
2	537	2441	165.898
2	538	2442	165.898
2	539	2443	165.898
2	540	2444	165.898
2	541	2445	165.898
2	542	2446	165.898
2	543	2447	165.898
2	544	2448	165.898
2	545	2449	165.898
2	546	2450	165.898
2	547	2451	165.898
2	548	2452	165.898
2	549	2453	165.898
2	550	2454	165.898
2	551	2455	165.898
2	552	2456	165.898
2	553	2457	165.898
2	554	2458	165.898
2	555	2459	165.898
2	556	2460	165.898
2	557	2461	165.898
2	558	2462	165.898
2	559	2463	165.898
2	560	2464	165.898
2	561	2465	165.898
2	562	2466	165.898
2	563	2467	165.898
2	564	2468	165.898
2	565	2469	165.898
2	566	2470	165.898
2	567	2471	165.898
2	568	2472	165.898
2	569	2473	165.898
2	570	2474	165.898
2	571	2475	165.898
2	572	2476	165.898
2	573	2477	165.898
2	574	2478	165.898
2	575	2479	165.898
2	576	2480	165.898
2	577	2481	165.898
2	578	2482	165.898
2	579	2483	165.898
2	580	2484	165.898
2	581	2485	165.898
2	582	2486	165.898
2	583	2487	165.898
2	584	2488	165.898
2	585	2489	165.898
2	586	2490	165.898
2	587	2491	165.898
2	588	2492	165.898
2	589	2493	165.898
2	590	2494	165.898
2	591	2495	165.898
2	592	2496	165.898
2	593	2497	165.898
2	594	2498	165.898
2	595	2499	165.898
2	596	2500	165.898
2	597	2501	165.898
2	598	2502	165.898
2	599	2503	165.898
2	600	2504	165.898
2	601	2505	165.898
2	602	2506	165.898
2	603	2507	165.898
2	604	2508	165.898
2	605	2509	165.898
2	606	2510	165.898
2	607	2511	165.898
2	608	2512	165.898
2	609	2513	165.898
2	610	2514	165.898
2	611	2515	165.898
2	612	2516	165.898
2	613	2517	165.898
2	614	2518	165.898
2	615	2519	165.898
2	616	2520	165.898
2	617	2521	165.898
2	618	2522	165.898
2	619	2523	165.898
2	620	2524	165.898
2	621	2525	165.898
2	622	2526	165.898
2	623	2527	165.898
2	624	2528	165.898
2	625	2529	165.898
2	626	2530	165.898
2	627	2531	165.898
2	628	2532	165.898
2	629	2533	165.898
2	630	2534	165.898
2	631	2535	165.898
2	632	2536	165.898
2	633	2537	165.898
2	634	2538	165.898
2	635	2539	165.898
2	636	2540	165.898
2	637	2541	165.898
2	638	2542	165.898
2	639	2543	165.898
2	640	2544	165.898
2	641	2545	165.898
2	642	2546	165.898
2	643	2547	165.898
2	644	2548	165.898
2	645	2549	165.898
2	646	2550	165.898
2	647	2551	165.898
2	648	2552	165.898
2	649	2553	165.898
2	650	2554	165.898
2	651	2555	165.898
2	652	2556	165.898
2	653	2557	165.898
2	654	2558	165.898
2	655	2559	165.898
2	656	2560	165.898
2	657	2561	165.898
2	658	2562	165.898
2	659	2563	165.898
2	660	2564	165.898
2	661	2565	165.898
2	662	2566	165.898
2	663	2567	165.898
2	664	2568	165.898
2	665	2569	165.898
2	666	2570	165.898
2	667	2571	165.898
2	668	2572	165.898
2	669	2573	165.898
2	670	2574	165.898
2	671	2575	165.898
2	672	2576	165.898
2	673	2577	165.898
2	674	2578	165.898
2	675	2579	165.898
2	676	2580	165.898
2	677	2581	165.898
2	678	2582	165.898
2	679	2583	165.898
2	680	2584	165.898
2	681	2585	165.898
2	682	2586	165.898
2	683	2587	165.898
2	684	2588	165.898
2	685	2589	165.898
2	686	2590	165.898
2	687	2591	165.898
2	688	2592	165.898
2	689	2593	165.898
2	690	2594	165.898
2	691	2595	165.898
2	692	2596	165.898
2	693	2597	165.898
2	694	2598	165.898
2	695	2599	165.898
2	696	2600	165.898
2	697	2601	165.898
2	698	2602	165.898
2	699	2603	165.898
2	700	2604	165.898
2	701	2605	165.898
2	702	2606	165.898
2	703	2607	165.898
2	704	2608	165.898
2	705	2609	165.898
2	706	2610	165.898
2	707	2611	165.898
2	708	2612	165.898
2	709	2613	165.898
2	710	2614	165.898
2	711	2615	165.898
2	712	2616	165.898
2	713	2617	165.898
2	714	2618	165.898
2	715	2619	165.898
2	716	2620	165.898
2	717	2621	165.898
2	718	2622	165.898
2	719	2623	165.898
2	720	2624	165.898
2	721	2625	165.898
2	722	2626	165.898
2	723	2627	165.898
2	724	2628	165.898
2	725	2629	165.898
2	726	2630	165.898
2	727	2631	165.898
2	728	2632	165.898
2	729	2633	165.898
2	730	2634	165.898
2	731	2635	165.898
2	732	2636	165.898
2	733	2637	165.898
2	734	2638	165.898
2	735	2639	165.898
2	736	2640	165.898
2	737	2641	165.898
2	738	2642	165.898
2	739	2643	165.898
2	740	2644	165.898
2	741	2645	165.898
2	742	2646	165.898
2	743	2647	165.898
2	744	2648	165.898
2	745	2649	165.898
2	746	2650	165.898
2	747	2651	165.898
2	748	2652	165.898
2	749	2653	165.898
2	750	2654	165.898
2	751	2655	165.898
2	752	2656	165.898
2	753	2657	165.898
2	754	2658	165.898
2	755	2659	165.898
2	756	2660	165.898
2	757	2661	165.898
2	758	2662	165.898
2	759	2663	165.898
2	760	2664	165.898
2	761	2665	165.898
2	762	2666	165.898
2	763	2667	165.898
2	764	2668	165.898
2	765	2669	165.898
2	766	2670	165.898
2	767	2671	165.898
2	768	2672	165.898
2	769	2673	165.898
2	770	2674	165.898
2	771	2675	165.898
2	772	2676	165.898
2	773	2677	165.898
2	774	2678	165.898
2	775	2679	165.898
2	776	2680	165.898
2	777	2681	165.898
2	778	2682	165.898
2	779	2683	165.898
2	780	2684	165.898
2	781	2685	165.898
2	782	2686	165.898
2	783	2687	165.898
2	784	2688	165.898
2	785	2689	165.898
2	786	2690	165.898
2	787	2691	165.898
2	788	2692	165.898
2	789	2693	165.898
2	790	2694	165.898
2	791	2695	165.898
2	792	2696	165.898
2	793	2697	165.898
2	794	2698	165.898
2	795	2699	165.898
2	796	2700	165.898
2	797	2701	165.898
2	798	2702	165.898
2	799	2703	165.898
2	800	2704	165.898
2	801	2705	165.898
2	802	2706	165.898
2	803	2707	165.898
2	804	2708	165.898
2	805	2709	165.898
2	806	2710	165.898
2	807	2711	165.898
2	808	2712	165.898
2	809	2713	165.898
2	810	2714	165.898
2	811	2715	165.898
2	812	2716	165.898
2	813	2717	165.898
2	814	2718	165.898
2	815	2719	165.898
2	816	2720	165.898
2	817	2721	165.898
2	818	2722	165.898
2	819	2723	165.898
2	820	2724	165.898
2	821	2725	165.898
2	822	2726	165.898
2	823	2727	165.898
2	824	2728	165.898
2	825	2729	165.898
2	826	2730	165.898
2	827	2731	165.898
2	828	2732	165.898
2	829	2733	165.898
2	830	2734	165.898
2	831	2735	165.898
2	832	2736	165.898
2	833	2737	165.898
2	834	2738	165.898
2	835	2739	165.898
2	836	2740	165.898
2	837	2741	165.898
2	838	2742	165.898
2	839	2743	165.898
2	840	2744	165.898
2	841	2745	165.898
2	842	2746	165.898
2	843	2747	165.898
2	844	2748	165.898
2	845	2749	165.898
2	846	2750	165.898
2	847	2751	165.898
2	848	2752	165.898
2	849	2753	165.898
2	850	2754	165.898
2	851	2755	165.898
2	852	2756	165.898
2	853	2757	165.898
2	854	2758	165.898
2	855	2759	165.898
2	856	2760	165.898
2	857	2761	165.898
2	858	2762	165.898
2	859	2763	165.898
2	860	2764	165.898
2	861	2765	165.898
2	862	2766	165.898
2	863	2767	165.898
2	864	2768	165.898
2	865	2769	165.898
2	866	2770	165.898
2	867	2771	165.898
2	868	2772	165.898
2	869	2773	165.898
2	870	2774	165.898
2	871	2775	165.898
2	872	2776	165.898
2	873	2777	165.898
2	874	2778	165.898
2	875	2779	165.898
2	876	2780	169.903
2	877	2781	169.903
2	878	2782	169.903
2	879	2783	169.903
2	880	2784	169.903
2	881	2785	169.903
2	882	2786	169.903
2	883	2787	169.903
2	884	2788	169.903
2	885	2789	169.903
2	886	2790	169.903
2	887	2791	169.903
2	888	2792	169.903
2	889	2793	169.903
2	890	2794	169.903
2	891	2795	169.903
2	892	2796	169.903
2	893	2797	169.903
2	894	2798	169.903
2	895	2799	169.903
2	896	2800	169.903
2	897	2801	169.903
2	898	2802	169.903
2	899	2803	169.903
2	900	2804	169.903
2	901	2805	169.903
2	902	2806	169.903
2	903	2807	169.903
2	904	2808	169.903
2	905	2809	169.903
2	906	2810	169.903
2	907	2811	169.903
2	908	2812	169.903
2	909	2813	169.903
2	910	2814	169.903
2	911	2815	169.903
2	912	2816	169.903
2	913	2817	169.903
2	914	2818	169.903
2	915	2819	169.903
2	916	2820	169.903
2	917	2821	169.903
2	918	2822	169.903
2	919	2823	169.903
2	920	2824	169.903
2	921	2825	169.903
2	922	2826	169.903
2	923	2827	169.903
2	924	2828	169.903
2	925	2829	169.903
2	926	2830	169.903
2	927	2831	169.903
2	928	2832	169.903
2	929	2833	169.903
2	930	2834	169.903
2	931	2835	169.903
2	932	2836	169.903
2	933	2837	169.903
2	934	2838	169.903
2	935	2839	169.903
2	936	2840	169.903
2	937	2841	169.903
2	938	2842	169.903
2	939	2843	169.903
2	940	2844	169.903
2	941	2845	169.903
2	942	2846	169.903
2	943	2847	169.903
2	944	2848	169.903
2	945	2849	169.903
2	946	2850	169.903
2	947	2851	169.903
2	948	2852	169.903
2	949	2853	169.903
2	950	2854	169.903
2	951	2855	169.903
2	952	2856	169.903
2	953	2857	169.903
2	954	2858	169.903
2	955	2859	169.903
2	956	2860	169.903
2	957	2861	169.903
2	958	2862	169.903
2	959	2863	169.903
2	960	2864	169.903
2	961	2865	169.903
2	962	2866	169.903
2	963	2867	169.903
2	964	2868	169.903
2	965	2869	169.903
2	966	2870	169.903
2	967	2871	169.903
2	968	2872	169.903
2	969	2873	169.903
2	970	2874	169.903
2	971	2875	169.903
2	972	2876	169.903
2	973	2877	169.903
2	974	2878	169.903
2	975	2879	169.903
2	976	2880	169.903
2	977	2881	169.903
2	978	2882	169.903
2	979	2883	169.903
2	980	2884	169.903
2	981	2885	169.903
2	982	2886	169.903
2	983	2887	169.903
2	984	2888	169.903
2	985	2889	169.903
2	986	2890	169.903
2	987	2891	169.903
2	988	2892	169.903
2	989	2893	169.903
2	990	2894	169.903
2	991	2895	169.903
2	992	2896	169.903
2	993	2897	169.903
2	994	2898	169.903
2	995	2899	169.903
2	996	2900	169.903
2	997	2901	169.903
2	998	2902	169.903
2	999	2903	169.903
2	1000	2904	169.903
2	1001	2905	169.903
2	1002	2906	169.903
2	1003	2907	169.903
2	1004	2908	169.903
2	1005	2909	169.903
2	1006	2910	169.903
2	1007	2911	169.903
2	1008	2912	169.903
2	1009	2913	169.903
2	1010	2914	169.903
2	1011	2915	169.903
2	1012	2916	169.903
2	1013	2917	169.903
2	1014	2918	169.903
2	1015	2919	169.903
2	1016	2920	169.903
2	1017	2921	169.903
2	1018	2922	169.903
2	1019	2923	169.903
2	1020	2924	169.903
2	1021	2925	169.903
2	1022	2926	169.903
2	1023	2927	169.903
2	1024	2928	169.903
2	1025	2929	169.903
2	1026	2930	169.903
2	1027	2931	169.903
2	1028	2932	169.903
2	1029	2933	169.903
2	1030	2934	169.903
2	1031	2935	169.903
2	1032	2936	169.903
2	1033	2937	169.903
2	1034	2938	169.903
2	1035	2939	169.903
2	1036	2940	169.903
2	1037	2941	169.903
2	1038	2942	169.903
2	1039	2943	169.903
2	1040	2944	169.903
2	1041	2945	169.903
2	1042	2946	169.903
2	1043	2947	169.903
2	1044	2948	169.903
2	1045	2949	169.903
2	1046	2950	169.903
2	1047	2951	169.903
2	1048	2952	169.903
2	1049	2953	169.903
2	1050	2954	169.903
2	1051	2955	169.903
2	1052	2956	169.903
2	1053	2957	169.903
2	1054	2958	169.903
2	1055	2959	169.903
2	1056	2960	169.903
2	1057	2961	169.903
2	1058	2962	169.903
2	1059	2963	169.903
2	1060	2964	169.903
2	1061	2965	169.903
2	1062	2966	169.903
2	1063	2967	169.903
2	1064	2968	169.903
2	1065	2969	169.903
2	1066	2970	169.903
2	1067	2971	169.903
2	1068	2972	169.903
2	1069	2973	169.903
2	1070	2974	169.903
2	1071	2975	169.903
2	1072	2976	169.903
2	1073	2977	169.903
2	1074	2978	169.903
2	1075	2979	169.903
2	1076	2980	169.903
2	1077	2981	169.903
2	1078	2982	169.903
2	1079	2983	169.903
2	1080	2984	169.903
2	1081	2985	169.903
2	1082	2986	169.903
2	1083	2987	169.903
2	1084	2988	169.903
2	1085	2989	169.903
2	1086	2990	169.903
2	1087	2991	169.903
2	1088	2992	169.903
2	1089	2993	169.903
2	1090	2994	169.903
2	1091	2995	169.903
2	1092	2996	169.903
2	1093	2997	169.903
2	1094	2998	169.903
2	1095	2999	169.903
2	1096	3000	169.903
2	1097	3001	169.903
2	1098	3002	169.903
2	1099	3003	169.903
2	1100	3004	169.903
2	1101	3005	169.903
2	1102	3006	169.903
2	1103	3007	169.903
2	1104	3008	169.903
2	1105	3009	169.903
2	1106	3010	169.903
2	1107	3011	169.903
2	1108	3012	169.903
2	1109	3013	169.903
2	1110	3014	169.903
2	1111	3015	169.903
2	1112	3016	169.903
2	1113	3017	169.903
2	1114	3018	169.903
2	1115	3019	169.903
2	1116	3020	169.903
2	1117	3021	169.903
2	1118	3022	169.903
2	1119	3023	169.903
2	1120	3024	169.903
2	1121	3025	169.903
2	1122	3026	169.903
2	1123	3027	169.903
2	1124	3028	169.903
2	1125	3029	169.903
2	1126	3030	169.903
2	1127	3031	169.903
2	1128	3032	169.903
2	1129	3033	169.903
2	1130	3034	169.903
2	1131	3035	169.903
2	1132	3036	169.903
2	1133	3037	169.903
2	1134	3038	169.903
2	1135	3039	169.903
2	1136	3040	169.903
2	1137	3041	169.903
2	1138	3042	169.903
2	1139	3043	169.903
2	1140	3044	169.903
2	1141	3045	169.903
2	1142	3046	169.903
2	1143	3047	169.903
2	1144	3048	169.903
2	1145	3049	169.903
2	1146	3050	169.903
2	1147	3051	169.903
2	1148	3052	169.903
2	1149	3053	169.903
2	1150	3054	169.903
2	1151	3055	169.903
2	1152	3056	169.903
2	1153	3057	169.903
2	1154	3058	169.903
2	1155	3059	169.903
2	1156	3060	169.903
2	1157	3061	169.903
2	1158	3062	169.903
2	1159	3063	169.903
2	1160	3064	169.903
2	1161	3065	169.903
2	1162	3066	169.903
2	1163	3067	169.903
2	1164	3068	169.903
2	1165	3069	169.903
2	1166	3070	169.903
2	1167	3071	169.903
