0	14	1	20
1	420	0	121
2	421	1	305
3	423	1	308
4	1600	3	0
5	1601	3	1
6	1602	3	2
7	1603	3	3
8	416	1	298
9	415	1	296
10	12	1	17
11	412	0	116
12	11	1	16
13	409	1	287
14	408	1	286
15	406	1	283
16	407	1	284
17	10	0	6
18	410	0	115
19	411	1	290
20	413	1	293
21	414	1	295
22	13	1	19
23	417	1	299
24	1604	3	4
25	1605	3	5
26	1606	3	6
27	1607	3	7
28	422	0	122
29	15	0	9
30	419	1	302
31	418	1	301
32	5	1	7
33	397	1	270
34	6	1	9
35	400	1	274
36	401	1	276
37	403	0	111
38	404	1	280
39	9	1	13
40	4	1	6
41	392	1	263
42	3	0	2
43	389	0	103
44	388	1	257
45	386	1	254
46	385	1	253
47	0	1	0
48	384	0	100
49	1	0	1
50	387	1	256
51	2	1	3
52	390	1	260
53	391	0	104
54	393	1	264
55	394	1	266
56	405	0	112
57	8	0	5
58	402	1	277
59	7	1	10
60	399	1	273
61	398	0	108
62	396	0	107
63	395	1	268
64	21	1	30
65	437	2	5
66	22	0	13
67	440	2	7
68	441	0	129
69	443	2	9
70	444	0	130
71	25	1	36
72	20	1	29
73	432	2	0
74	19	1	27
75	429	0	126
76	428	1	315
77	426	1	312
78	425	1	311
79	16	1	23
80	424	1	309
81	17	0	10
82	427	0	125
83	18	1	26
84	430	1	318
85	431	1	319
86	433	2	1
87	434	2	2
88	445	2	10
89	24	0	14
90	442	2	8
91	23	1	33
92	439	2	6
93	438	0	128
94	436	2	4
95	435	2	3
96	30	1	2
97	460	1	314
98	461	1	316
99	463	0	127
100	1608	3	8
101	1609	3	9
102	1610	3	10
103	1611	3	11
104	456	0	123
105	455	1	307
106	28	0	0
107	452	1	303
108	27	1	39
109	449	0	119
110	448	1	297
111	446	2	11
112	447	0	131
113	26	1	37
114	450	1	300
115	451	0	120
116	453	1	304
117	454	1	306
118	29	1	1
119	457	1	310
120	1612	3	12
121	1613	3	13
122	1614	3	14
123	1615	3	15
124	462	1	317
125	31	1	4
126	459	1	313
127	458	0	124
128	46	1	25
129	500	2	50
130	501	2	51
131	503	2	54
132	1616	3	16
133	1617	3	17
134	1618	3	18
135	1619	3	19
136	496	2	44
137	495	2	43
138	44	1	22
139	492	2	39
140	43	1	21
141	489	0	144
142	488	2	33
143	486	0	142
144	487	2	32
145	42	0	8
146	490	2	36
147	491	2	37
148	493	2	40
149	494	0	147
150	45	1	24
151	497	0	149
152	1620	3	20
153	1621	3	21
154	1622	3	22
155	1623	3	23
156	502	0	152
157	47	0	11
158	499	0	150
159	498	2	47
160	37	1	12
161	477	2	14
162	38	1	14
163	480	2	22
164	481	0	139
165	483	2	26
166	484	0	141
167	41	1	18
168	36	1	11
169	472	2	17
170	35	0	4
171	469	2	19
172	468	2	20
173	466	2	21
174	465	0	136
175	32	1	5
176	464	0	137
177	33	0	3
178	467	0	135
179	34	1	8
180	470	0	134
181	471	2	18
182	473	0	133
183	474	2	16
184	485	2	29
185	40	0	7
186	482	2	25
187	39	1	15
188	479	2	12
189	478	2	13
190	476	0	132
191	475	2	15
192	53	1	35
193	517	2	28
194	54	0	15
195	520	0	143
196	521	2	34
197	523	0	145
198	524	2	38
199	57	0	17
200	52	1	34
201	512	0	138
202	51	1	32
203	509	2	62
204	508	2	61
205	506	2	58
206	505	2	57
207	48	1	28
208	504	2	55
209	49	0	12
210	507	0	155
211	50	1	31
212	510	0	157
213	511	2	65
214	513	2	23
215	514	2	24
216	525	0	146
217	56	1	40
218	522	2	35
219	55	1	38
220	519	2	31
221	518	2	30
222	516	2	27
223	515	0	140
224	62	1	49
225	540	2	60
226	541	0	156
227	543	2	64
228	1624	3	24
229	1625	3	25
230	1626	3	26
231	1627	3	27
232	536	0	153
233	535	2	53
234	60	1	46
235	532	2	49
236	59	0	18
237	529	2	45
238	528	0	148
239	526	2	41
240	527	2	42
241	58	1	43
242	530	2	46
243	531	2	48
244	533	0	151
245	534	2	52
246	61	1	47
247	537	2	56
248	1628	3	28
249	1629	3	29
250	1630	3	30
251	1631	3	31
252	542	2	63
253	63	1	50
254	539	2	59
255	538	0	154
256	78	0	29
257	580	2	71
258	581	0	161
259	583	0	162
260	584	2	77
261	81	1	76
262	587	2	81
263	82	1	77
264	576	2	66
265	575	2	109
266	76	1	69
267	572	2	105
268	75	1	67
269	569	2	101
270	568	0	173
271	566	2	97
272	567	2	98
273	74	1	66
274	570	0	174
275	571	2	104
276	573	0	176
277	574	2	108
278	77	1	70
279	577	2	67
280	588	2	82
281	586	0	164
282	585	2	78
283	80	0	30
284	582	2	74
285	79	1	73
286	579	2	70
287	578	0	159
288	69	1	59
289	557	0	166
290	70	1	60
291	560	0	168
292	561	2	90
293	563	2	93
294	564	2	94
295	73	0	26
296	68	1	57
297	552	0	163
298	67	1	56
299	549	2	73
300	548	2	72
301	546	2	69
302	545	2	68
303	64	0	21
304	544	0	158
305	65	1	53
306	547	0	160
307	66	0	22
308	550	2	75
309	551	2	76
310	553	2	79
311	554	2	80
312	565	0	171
313	72	1	63
314	562	2	91
315	71	0	25
316	559	2	87
317	558	2	86
318	556	2	83
319	555	0	165
320	601	2	100
321	603	2	103
322	604	0	175
323	89	0	19
324	607	0	177
325	90	1	48
326	610	2	114
327	611	2	115
328	599	0	172
329	598	2	96
330	596	0	170
331	595	2	92
332	84	0	16
333	592	2	88
334	83	1	79
335	589	2	84
336	590	2	85
337	591	0	167
338	593	2	89
339	594	0	169
340	85	1	41
341	597	2	95
342	86	1	42
343	600	2	99
344	91	0	20
345	609	0	178
346	608	2	111
347	606	2	107
348	605	2	106
349	88	1	45
350	602	2	102
351	87	1	44
352	624	2	133
353	97	1	58
354	627	2	137
355	98	0	24
356	630	0	191
357	631	2	143
358	633	0	193
359	635	0	194
360	622	0	186
361	95	1	55
362	619	2	126
363	618	2	125
364	616	2	122
365	615	2	121
366	92	1	51
367	612	0	180
368	613	2	118
369	614	2	119
370	93	1	52
371	617	0	183
372	94	1	54
373	620	0	185
374	621	2	129
375	623	2	132
376	634	2	147
377	632	2	144
378	99	1	61
379	629	2	140
380	628	2	139
381	626	2	136
382	625	0	188
383	96	0	23
384	114	1	83
385	672	0	197
386	673	2	157
387	675	0	199
388	676	2	161
389	117	1	87
390	678	0	201
391	118	1	89
392	668	2	149
393	667	2	148
394	112	1	80
395	664	0	192
396	111	1	78
397	661	0	190
398	660	2	138
399	658	2	135
400	659	0	189
401	110	0	31
402	662	2	141
403	663	2	142
404	665	2	145
405	666	2	146
406	113	0	33
407	669	0	195
408	680	0	202
409	679	2	165
410	677	2	162
411	116	1	86
412	674	2	158
413	115	0	34
414	671	2	153
415	670	2	152
416	105	0	28
417	649	2	123
418	106	1	71
419	651	0	184
420	653	2	128
421	655	2	131
422	656	0	187
423	109	1	75
424	104	1	68
425	644	2	116
426	103	0	27
427	641	2	112
428	640	2	110
429	638	0	196
430	637	2	151
431	100	1	62
432	636	2	150
433	101	1	64
434	639	2	154
435	102	1	65
436	642	2	113
437	643	0	179
438	645	2	117
439	646	0	181
440	657	2	134
441	108	1	74
442	654	2	130
443	107	1	72
444	652	2	127
445	650	2	124
446	648	0	182
447	647	2	120
448	693	0	210
449	695	2	187
450	696	0	212
451	125	1	99
452	699	2	193
453	126	1	100
454	702	2	197
455	703	2	198
456	691	0	209
457	690	2	180
458	688	0	207
459	687	2	176
460	120	0	37
461	684	2	172
462	119	1	90
463	681	2	168
464	682	2	169
465	683	0	204
466	685	2	173
467	686	2	175
468	121	1	93
469	689	2	179
470	122	0	38
471	692	2	183
472	127	0	41
473	701	0	215
474	700	2	194
475	698	2	191
476	697	2	190
477	124	1	97
478	694	2	186
479	123	1	96
480	1031	0	300
481	129	0	42
482	1032	2	387
483	1033	2	388
484	130	1	106
485	1034	0	302
486	1035	2	391
487	131	1	107
488	1042	0	307
489	134	0	45
490	1043	2	402
491	1044	0	308
492	135	1	113
493	1045	2	405
494	136	0	46
495	137	1	116
496	1024	2	376
497	1025	2	377
498	1026	0	297
499	1027	2	380
500	1028	2	381
501	1029	0	299
502	128	1	103
503	1030	2	384
504	1036	2	392
505	1037	2	394
506	1038	2	395
507	132	1	109
508	1039	0	305
509	1040	2	398
510	133	1	110
511	1041	2	399
512	1079	0	330
513	1081	2	455
514	1082	2	457
515	155	1	101
516	1085	2	461
517	1086	2	462
518	157	1	104
519	1089	0	316
520	1077	2	450
521	1076	0	328
522	151	1	95
523	1073	2	444
524	1072	2	443
525	1070	2	440
526	1069	2	439
527	148	1	91
528	1068	2	437
529	149	1	92
530	1071	0	325
531	150	1	94
532	1074	0	327
533	1075	2	447
534	152	0	39
535	1078	2	451
536	1088	2	420
537	1087	0	335
538	156	1	102
539	1084	0	333
540	1083	2	458
541	154	0	40
542	1080	2	454
543	153	1	98
544	1057	2	422
545	144	1	85
546	1060	2	426
547	1061	0	319
548	1063	0	320
549	1064	2	432
550	147	0	36
551	1067	2	436
552	1055	0	315
553	1054	2	417
554	1052	0	313
555	1051	2	413
556	140	0	32
557	1048	2	409
558	1047	0	310
559	138	1	117
560	1046	2	406
561	139	1	119
562	1049	2	410
563	1050	2	412
564	141	1	81
565	1053	2	416
566	142	1	82
567	1056	2	421
568	1066	0	322
569	1065	2	433
570	146	1	88
571	1062	2	429
572	145	0	35
573	1059	2	425
574	1058	0	317
575	143	1	84
576	163	1	112
577	1103	2	441
578	1104	2	442
579	165	1	115
580	1107	2	446
581	166	0	47
582	1110	0	329
583	1111	2	452
584	162	1	111
585	1098	2	434
586	161	0	44
587	1095	2	430
588	1094	2	428
589	159	0	43
590	1091	2	424
591	1090	2	423
592	158	1	105
593	1092	0	318
594	1093	2	427
595	160	1	108
596	1096	2	431
597	1097	0	321
598	1099	2	435
599	1100	0	323
600	167	1	118
601	1109	2	449
602	1108	2	448
603	1106	2	445
604	1105	0	326
605	164	1	114
606	1102	0	324
607	1101	2	438
608	173	1	127
609	1125	2	471
610	174	1	129
611	1128	0	341
612	1129	2	477
613	176	0	53
614	1132	2	481
615	1133	0	344
616	172	1	126
617	1120	0	336
618	1119	2	463
619	170	1	123
620	1116	2	459
621	169	0	49
622	1113	0	331
623	1112	2	453
624	168	1	120
625	1114	2	456
626	1115	0	332
627	1117	2	460
628	1118	0	334
629	171	0	50
630	1121	2	466
631	1122	2	467
632	177	1	133
633	1131	0	343
634	1130	2	478
635	175	1	130
636	1127	2	474
637	1126	2	473
638	1124	2	470
639	1123	0	338
640	1168	2	486
641	193	1	156
642	1171	2	490
643	194	1	157
644	1174	2	494
645	1175	0	350
646	196	0	48
647	1178	2	500
648	1166	2	483
649	1165	2	482
650	190	0	61
651	1162	0	342
652	189	1	150
653	1159	0	340
654	1158	2	472
655	187	1	147
656	1157	0	339
657	188	1	149
658	1160	2	475
659	1161	2	476
660	1163	2	479
661	1164	2	480
662	191	1	153
663	1167	0	345
664	1177	2	498
665	1176	2	497
666	195	1	159
667	1173	2	493
668	1172	0	348
669	1170	0	347
670	1169	2	487
671	192	0	62
672	1146	0	352
673	183	0	57
674	1149	0	354
675	1150	2	506
676	185	0	58
677	1153	2	465
678	186	1	146
679	1156	2	469
680	1144	0	351
681	181	1	139
682	1141	0	349
683	1140	2	492
684	179	1	136
685	1137	2	488
686	1136	0	346
687	1134	2	484
688	1135	2	485
689	178	0	54
690	1138	2	489
691	1139	2	491
692	180	1	137
693	1142	2	495
694	1143	2	496
695	1145	2	499
696	1155	2	468
697	1154	0	337
698	1152	2	464
699	1151	2	507
700	184	1	143
701	1148	2	503
702	1147	2	502
703	182	1	140
704	202	1	128
705	1192	2	520
706	1193	2	521
707	204	1	131
708	1196	2	525
709	1197	2	527
710	1199	0	365
711	1200	2	531
712	1188	2	514
713	1187	2	513
714	200	1	125
715	1184	2	509
716	1183	0	355
717	198	1	122
718	1180	0	353
719	1179	2	501
720	197	1	121
721	1181	2	504
722	1182	2	505
723	199	1	124
724	1185	2	510
725	1186	0	357
726	201	0	51
727	1189	0	359
728	206	1	134
729	1198	2	528
730	205	1	132
731	1195	2	524
732	1194	0	362
733	203	0	52
734	1191	0	360
735	1190	2	517
736	212	1	142
737	1214	2	550
738	1215	2	552
739	1217	0	356
740	1218	2	511
741	215	0	59
742	1221	2	515
743	1222	2	516
744	211	1	141
745	1209	2	543
746	1208	2	542
747	1206	2	539
748	1205	2	538
749	208	0	55
750	1202	0	367
751	1201	2	532
752	207	1	135
753	1203	2	535
754	1204	0	368
755	209	1	138
756	1207	0	370
757	210	0	56
758	1210	2	545
759	1211	2	546
760	216	1	148
761	1220	0	358
762	1219	2	512
763	214	1	145
764	1216	2	508
765	213	1	144
766	1213	2	549
767	1212	0	373
768	1257	0	383
769	1258	2	570
770	1260	2	572
771	1261	2	573
772	234	0	70
773	1264	1	638
774	1265	1	636
775	236	1	177
776	1255	2	568
777	230	1	169
778	1252	2	566
779	1251	0	381
780	1249	2	564
781	1248	0	380
782	227	0	66
783	1245	2	548
784	1246	0	374
785	1247	2	551
786	228	1	166
787	1250	2	565
788	229	1	167
789	1253	2	567
790	1254	0	382
791	231	1	170
792	1266	1	634
793	235	1	176
794	1263	2	575
795	1262	2	574
796	233	1	173
797	1259	2	571
798	232	0	69
799	1256	2	569
800	1235	2	534
801	1236	2	536
802	223	1	158
803	1239	2	540
804	1240	2	541
805	1242	2	544
806	1243	0	372
807	226	1	163
808	1233	0	366
809	1231	2	529
810	1230	0	364
811	219	1	152
812	1227	2	523
813	1226	2	522
814	217	0	60
815	1223	2	518
816	1224	2	519
817	1225	0	361
818	218	1	151
819	1228	0	363
820	1229	2	526
821	220	1	154
822	1232	2	530
823	221	1	155
824	1244	2	547
825	225	0	65
826	1241	0	371
827	224	1	160
828	1238	0	369
829	1237	2	537
830	222	0	63
831	1234	2	533
832	1279	1	608
833	242	1	186
834	1282	2	561
835	1283	0	379
836	244	1	189
837	1286	0	378
838	245	1	190
839	1289	0	377
840	1277	1	612
841	240	1	183
842	1274	1	618
843	1273	1	620
844	238	1	180
845	1270	1	626
846	1269	1	628
847	1267	1	632
848	1268	1	630
849	237	1	179
850	1271	1	624
851	1272	1	622
852	239	0	73
853	1275	1	616
854	1276	1	614
855	1278	1	610
856	1288	2	557
857	1287	2	558
858	1285	2	559
859	1284	2	560
860	243	1	187
861	1281	2	562
862	1280	2	563
863	241	0	74
864	1301	1	629
865	252	1	200
866	1304	1	623
867	253	0	81
868	1307	1	617
869	1308	1	615
870	255	0	82
871	1311	1	609
872	1299	1	633
873	1298	1	635
874	249	1	196
875	1295	0	375
876	248	0	78
877	1292	0	376
878	1291	2	555
879	246	0	77
880	1290	2	556
881	247	1	193
882	1293	2	554
883	1294	2	553
884	1296	1	639
885	1297	1	637
886	250	1	197
887	1300	1	631
888	1310	1	611
889	1309	1	613
890	254	1	203
891	1306	1	619
892	1305	1	621
893	1303	1	625
894	1302	1	627
895	251	1	199
896	271	1	181
897	1347	1	568
898	272	1	182
899	1350	1	562
900	1351	1	560
901	274	1	185
902	1354	1	554
903	1355	1	552
904	270	0	72
905	1342	1	579
906	1341	1	581
907	268	0	71
908	1338	1	587
909	267	1	175
910	1335	1	593
911	1334	1	595
912	266	1	174
913	1336	1	591
914	1337	1	589
915	1339	1	585
916	1340	1	583
917	269	1	178
918	1343	1	577
919	1344	1	574
920	275	0	75
921	1353	1	556
922	1352	1	558
923	273	1	184
924	1349	1	564
925	1348	1	566
926	1346	1	570
927	1345	1	572
928	261	0	67
929	1325	1	580
930	1326	1	578
931	263	0	68
932	1329	1	605
933	264	1	171
934	1332	1	599
935	1333	1	597
936	260	1	165
937	1320	1	590
938	259	1	164
939	1317	1	596
940	1316	1	598
941	257	1	161
942	1313	1	604
943	1312	1	606
944	256	0	64
945	1314	1	602
946	1315	1	600
947	258	1	162
948	1318	1	594
949	1319	1	592
950	1321	1	588
951	1322	1	586
952	265	1	172
953	1331	1	601
954	1330	1	603
955	1328	1	607
956	1327	1	576
957	262	1	168
958	1324	1	582
959	1323	1	584
960	1368	1	526
961	1369	1	524
962	282	0	79
963	1372	1	518
964	1373	1	516
965	1375	1	512
966	1376	1	575
967	285	1	201
968	1366	1	530
969	1364	1	534
970	1363	1	536
971	278	1	191
972	1360	1	542
973	1359	1	544
974	276	1	188
975	1356	1	550
976	1357	1	548
977	1358	1	546
978	277	0	76
979	1361	1	540
980	1362	1	538
981	279	1	192
982	1365	1	532
983	280	1	194
984	1377	1	573
985	284	0	80
986	1374	1	514
987	283	1	198
988	1371	1	520
989	1370	1	522
990	281	1	195
991	1367	1	528
992	1390	1	547
993	1391	1	545
994	1393	1	541
995	1394	1	539
996	293	1	213
997	1397	1	533
998	1398	1	531
999	295	1	216
1000	1388	1	551
1001	289	1	207
1002	1385	1	557
1003	1384	1	559
1004	1382	1	563
1005	1381	1	565
1006	286	1	202
1007	1378	1	571
1008	1379	1	569
1009	1380	1	567
1010	287	1	204
1011	1383	1	561
1012	288	1	206
1013	1386	1	555
1014	1387	1	553
1015	290	1	209
1016	1399	1	529
1017	294	0	86
1018	1396	1	535
1019	1395	1	537
1020	292	0	85
1021	1392	1	543
1022	291	1	210
1023	1389	1	549
1024	311	1	239
1025	1435	1	456
1026	312	1	240
1027	1438	1	450
1028	1439	1	448
1029	314	1	243
1030	1442	1	507
1031	1443	1	505
1032	310	1	237
1033	1430	1	466
1034	1429	1	468
1035	308	0	94
1036	1426	1	474
1037	307	1	233
1038	1423	1	480
1039	1422	1	482
1040	306	0	93
1041	1424	1	478
1042	1425	1	476
1043	1427	1	472
1044	1428	1	470
1045	309	1	236
1046	1431	1	464
1047	1432	1	462
1048	315	0	98
1049	1441	1	509
1050	1440	1	511
1051	313	0	97
1052	1437	1	452
1053	1436	1	454
1054	1434	1	458
1055	1433	1	460
1056	301	0	90
1057	1413	1	500
1058	1414	1	498
1059	303	1	227
1060	1417	1	492
1061	304	1	229
1062	1420	1	486
1063	1421	1	484
1064	300	1	223
1065	1408	1	510
1066	299	0	89
1067	1405	1	517
1068	1404	1	519
1069	297	1	219
1070	1401	1	525
1071	1400	1	527
1072	296	1	217
1073	1402	1	523
1074	1403	1	521
1075	298	1	220
1076	1406	1	515
1077	1407	1	513
1078	1409	1	508
1079	1410	1	506
1080	305	1	230
1081	1419	1	488
1082	1418	1	490
1083	1416	1	494
1084	1415	1	496
1085	302	1	226
1086	1412	1	502
1087	1411	1	504
1088	1456	1	479
1089	1457	1	477
1090	322	1	208
1091	1460	1	471
1092	1461	1	469
1093	1463	1	465
1094	1464	1	463
1095	325	1	212
1096	1454	1	483
1097	1452	1	487
1098	1451	1	489
1099	318	1	249
1100	1448	1	495
1101	1447	1	497
1102	316	1	246
1103	1444	1	503
1104	1445	1	501
1105	1446	1	499
1106	317	1	247
1107	1449	1	493
1108	1450	1	491
1109	319	1	251
1110	1453	1	485
1111	320	1	205
1112	1465	1	461
1113	324	1	211
1114	1462	1	467
1115	323	0	84
1116	1459	1	473
1117	1458	1	475
1118	321	0	83
1119	1455	1	481
1120	1478	1	434
1121	1479	1	432
1122	1481	1	428
1123	1482	1	426
1124	333	1	224
1125	1485	1	420
1126	1486	1	418
1127	335	0	91
1128	1476	1	438
1129	329	1	218
1130	1473	1	444
1131	1472	1	446
1132	1470	1	451
1133	1469	1	453
1134	326	1	214
1135	1466	1	459
1136	1467	1	457
1137	1468	1	455
1138	327	1	215
1139	1471	1	449
1140	328	0	87
1141	1474	1	442
1142	1475	1	440
1143	330	0	88
1144	1487	1	416
1145	334	1	225
1146	1484	1	422
1147	1483	1	424
1148	332	1	222
1149	1480	1	430
1150	331	1	221
1151	1477	1	436
1152	351	1	250
1153	1523	1	409
1154	352	1	252
1155	1526	1	403
1156	1527	1	401
1157	354	1	255
1158	1530	1	395
1159	1531	1	393
1160	350	1	248
1161	1518	1	419
1162	1517	1	421
1163	348	1	245
1164	1514	1	427
1165	347	1	244
1166	1511	1	433
1167	1510	1	435
1168	346	1	242
1169	1512	1	431
1170	1513	1	429
1171	1515	1	425
1172	1516	1	423
1173	349	0	99
1174	1519	1	417
1175	1520	1	415
1176	355	0	102
1177	1529	1	397
1178	1528	1	399
1179	353	0	101
1180	1525	1	405
1181	1524	1	407
1182	1522	1	411
1183	1521	1	413
1184	341	1	235
1185	1501	1	388
1186	1502	1	386
1187	343	1	238
1188	1505	1	445
1189	344	0	96
1190	1508	1	439
1191	1509	1	437
1192	340	1	234
1193	1496	1	398
1194	339	1	232
1195	1493	1	404
1196	1492	1	406
1197	337	0	92
1198	1489	1	412
1199	1488	1	414
1200	336	1	228
1201	1490	1	410
1202	1491	1	408
1203	338	1	231
1204	1494	1	402
1205	1495	1	400
1206	1497	1	396
1207	1498	1	394
1208	345	1	241
1209	1507	1	441
1210	1506	1	443
1211	1504	1	447
1212	1503	1	384
1213	342	0	95
1214	1500	1	390
1215	1499	1	392
1216	1544	1	366
1217	1545	1	364
1218	362	0	106
1219	1548	1	358
1220	1549	1	356
1221	1551	1	352
1222	1552	1	350
1223	365	1	271
1224	1542	1	370
1225	1540	1	374
1226	1539	1	376
1227	358	1	261
1228	1536	1	382
1229	1535	1	385
1230	356	1	258
1231	1532	1	391
1232	1533	1	389
1233	1534	1	387
1234	357	1	259
1235	1537	1	380
1236	1538	1	378
1237	359	1	262
1238	1541	1	372
1239	360	0	105
1240	1553	1	348
1241	364	1	269
1242	1550	1	354
1243	363	1	267
1244	1547	1	360
1245	1546	1	362
1246	361	1	265
1247	1543	1	368
1248	1566	1	322
1249	1567	1	320
1250	1569	1	381
1251	1570	1	379
1252	373	1	282
1253	1573	1	373
1254	1574	1	371
1255	1576	1	367
1256	1564	1	326
1257	369	0	110
1258	1561	1	332
1259	1560	1	334
1260	1558	1	338
1261	1557	1	340
1262	366	1	272
1263	1554	1	346
1264	1555	1	344
1265	1556	1	342
1266	367	0	109
1267	1559	1	336
1268	368	1	275
1269	1562	1	330
1270	1563	1	328
1271	370	1	278
1272	1575	1	369
1273	374	0	113
1274	1572	1	375
1275	1571	1	377
1276	372	1	281
1277	1568	1	383
1278	371	1	279
1279	1565	1	324
1280	1006	2	396
1281	1004	2	393
1282	1002	2	390
1283	1000	0	301
1284	998	2	385
1285	996	2	382
1286	994	2	379
1287	992	0	296
1288	1009	2	400
1289	1011	2	403
1290	1013	0	309
1291	1015	2	408
1292	1017	2	411
1293	1019	2	414
1294	1021	0	314
1295	1023	2	419
1296	1022	2	418
1297	1020	2	415
1298	1018	0	312
1299	1016	0	311
1300	1014	2	407
1301	1012	2	404
1302	1010	2	401
1303	1008	0	306
1304	993	2	378
1305	995	0	298
1306	997	2	383
1307	999	2	386
1308	1001	2	389
1309	1003	0	303
1310	1005	0	304
1311	1007	2	397
1312	1593	1	333
1313	383	0	118
1314	1594	1	331
1315	1595	1	329
1316	1596	1	327
1317	1597	1	325
1318	1598	1	323
1319	1599	1	321
1320	1582	1	355
1321	378	1	289
1322	1583	1	353
1323	1584	1	351
1324	379	1	291
1325	1585	1	349
1326	1586	1	347
1327	1587	1	345
1328	380	1	292
1329	1588	1	343
1330	1589	1	341
1331	381	0	117
1332	1590	1	339
1333	1591	1	337
1334	382	1	294
1335	1592	1	335
1336	375	1	285
1337	1577	1	365
1338	1578	1	363
1339	376	0	114
1340	1579	1	361
1341	1580	1	359
1342	377	1	288
1343	1581	1	357
1344	974	0	284
1345	972	0	283
1346	970	2	346
1347	968	2	343
1348	966	2	340
1349	964	0	278
1350	962	2	335
1351	960	2	332
1352	977	0	286
1353	979	2	358
1354	981	2	361
1355	983	2	364
1356	985	0	291
1357	987	0	292
1358	989	2	372
1359	991	2	375
1360	990	0	294
1361	988	2	371
1362	986	2	368
1363	984	2	365
1364	982	0	289
1365	980	2	360
1366	978	2	357
1367	976	2	354
1368	961	0	276
1369	963	2	336
1370	965	2	339
1371	967	2	342
1372	969	0	281
1373	971	2	347
1374	973	2	350
1375	975	2	353
1376	1632	3	32
1377	1633	3	33
1378	1634	3	34
1379	1635	3	35
1380	1636	3	36
1381	1637	3	37
1382	1638	3	38
1383	1639	3	39
1384	1640	3	40
1385	1641	3	41
1386	1642	3	42
1387	1643	3	43
1388	1644	3	44
1389	1645	3	45
1390	1646	3	46
1391	1647	3	47
1392	1648	3	48
1393	1649	3	49
1394	1650	3	50
1395	1651	3	51
1396	1652	3	52
1397	1653	3	53
1398	1654	3	54
1399	1655	3	55
1400	1656	3	56
1401	1657	3	57
1402	1658	3	58
1403	1659	3	59
1404	1660	3	60
1405	1661	3	61
1406	1662	3	62
1407	1663	3	63
1408	910	2	307
1409	908	2	304
1410	906	0	262
1411	904	2	299
1412	902	2	296
1413	900	2	293
1414	898	0	257
1415	896	2	288
1416	913	2	311
1417	915	2	314
1418	917	2	317
1419	919	0	270
1420	921	2	322
1421	923	2	325
1422	925	2	328
1423	927	0	275
1424	926	2	329
1425	924	0	273
1426	922	2	324
1427	920	2	321
1428	918	2	318
1429	916	0	268
1430	914	0	267
1431	912	2	310
1432	897	2	289
1433	899	2	292
1434	901	0	259
1435	903	0	260
1436	905	2	300
1437	907	2	303
1438	909	2	306
1439	911	0	265
1440	942	2	352
1441	940	2	349
1442	938	0	282
1443	936	2	344
1444	934	2	341
1445	932	2	338
1446	930	0	277
1447	928	2	333
1448	945	2	356
1449	947	2	359
1450	949	2	362
1451	951	0	290
1452	953	2	367
1453	955	2	370
1454	957	2	373
1455	959	0	295
1456	958	2	374
1457	956	0	293
1458	954	2	369
1459	952	2	366
1460	950	2	363
1461	948	0	288
1462	946	0	287
1463	944	2	355
1464	929	2	334
1465	931	2	337
1466	933	0	279
1467	935	0	280
1468	937	2	345
1469	939	2	348
1470	941	2	351
1471	943	0	285
1472	878	2	308
1473	876	2	305
1474	874	2	302
1475	872	0	261
1476	870	2	297
1477	868	2	294
1478	866	2	291
1479	864	0	256
1480	881	2	312
1481	883	2	315
1482	885	0	269
1483	887	2	320
1484	889	2	323
1485	891	2	326
1486	893	0	274
1487	895	2	331
1488	894	2	330
1489	892	2	327
1490	890	0	272
1491	888	0	271
1492	886	2	319
1493	884	2	316
1494	882	2	313
1495	880	0	266
1496	865	2	290
1497	867	0	258
1498	869	2	295
1499	871	2	298
1500	873	2	301
1501	875	0	263
1502	877	0	264
1503	879	2	309
1504	846	2	263
1505	844	2	260
1506	842	2	257
1507	840	0	241
1508	838	0	240
1509	836	2	249
1510	834	2	246
1511	832	2	243
1512	849	2	267
1513	851	0	248
1514	853	0	249
1515	855	2	275
1516	857	2	278
1517	859	2	281
1518	861	0	254
1519	863	2	286
1520	862	2	285
1521	860	2	282
1522	858	2	279
1523	856	0	251
1524	854	2	274
1525	852	2	271
1526	850	2	268
1527	848	0	246
1528	833	2	245
1529	835	0	238
1530	837	2	250
1531	839	2	253
1532	841	2	256
1533	843	0	243
1534	845	2	261
1535	847	2	264
1536	782	0	225
1537	780	0	224
1538	778	2	213
1539	776	2	210
1540	774	2	207
1541	772	0	219
1542	770	2	202
1543	768	2	199
1544	785	0	227
1545	787	2	225
1546	789	2	228
1547	791	2	231
1548	793	0	232
1549	795	0	233
1550	797	2	239
1551	799	2	242
1552	798	0	235
1553	796	2	238
1554	794	2	235
1555	792	2	232
1556	790	0	230
1557	788	2	227
1558	786	2	224
1559	784	2	221
1560	769	0	217
1561	771	2	203
1562	773	2	206
1563	775	2	209
1564	777	0	222
1565	779	2	214
1566	781	2	217
1567	783	2	220
1568	814	0	245
1569	812	0	244
1570	810	2	258
1571	808	2	255
1572	806	2	252
1573	804	0	239
1574	802	2	247
1575	800	2	244
1576	817	0	247
1577	819	2	270
1578	821	2	273
1579	823	2	276
1580	825	0	252
1581	827	0	253
1582	829	2	284
1583	831	2	287
1584	830	0	255
1585	828	2	283
1586	826	2	280
1587	824	2	277
1588	822	0	250
1589	820	2	272
1590	818	2	269
1591	816	2	266
1592	801	0	237
1593	803	2	248
1594	805	2	251
1595	807	2	254
1596	809	0	242
1597	811	2	259
1598	813	2	262
1599	815	2	265
1600	750	2	219
1601	748	2	216
1602	746	0	223
1603	744	2	211
1604	742	2	208
1605	740	2	205
1606	738	0	218
1607	736	2	200
1608	753	2	223
1609	755	2	226
1610	757	2	229
1611	759	0	231
1612	761	2	234
1613	763	2	237
1614	765	2	240
1615	767	0	236
1616	766	2	241
1617	764	0	234
1618	762	2	236
1619	760	2	233
1620	758	2	230
1621	756	0	229
1622	754	0	228
1623	752	2	222
1624	737	2	201
1625	739	2	204
1626	741	0	220
1627	743	0	221
1628	745	2	212
1629	747	2	215
1630	749	2	218
1631	751	0	226
1632	718	2	174
1633	716	2	171
1634	714	0	203
1635	712	2	166
1636	710	2	163
1637	708	2	160
1638	706	0	198
1639	704	2	155
1640	721	2	178
1641	723	2	181
1642	725	2	184
1643	727	0	211
1644	729	2	189
1645	731	2	192
1646	733	2	195
1647	735	0	216
1648	734	2	196
1649	732	0	214
1650	730	0	213
1651	728	2	188
1652	726	2	185
1653	724	2	182
1654	722	0	208
1655	720	2	177
1656	705	2	156
1657	707	2	159
1658	709	0	200
1659	711	2	164
1660	713	2	167
1661	715	2	170
1662	717	0	205
1663	719	0	206
1664	1664	3	64
1665	1665	3	65
1666	1666	3	66
1667	1667	3	67
1668	1668	3	68
1669	1669	3	69
1670	1670	3	70
1671	1671	3	71
1672	1672	3	72
1673	1673	3	73
1674	1674	3	74
1675	1675	3	75
1676	1676	3	76
1677	1677	3	77
1678	1678	3	78
1679	1679	3	79
1680	1680	3	80
1681	1681	3	81
1682	1682	3	82
1683	1683	3	83
1684	1684	3	84
1685	1685	3	85
1686	1686	3	86
1687	1687	3	87
1688	1688	3	88
1689	1689	3	89
1690	1690	3	90
1691	1691	3	91
1692	1692	3	92
1693	1693	3	93
1694	1694	3	94
1695	1695	3	95
1696	1696	3	96
1697	1697	3	97
1698	1698	3	98
1699	1699	3	99
1700	1700	3	100
1701	1701	3	101
1702	1702	3	102
1703	1703	3	103
1704	1704	3	104
1705	1705	3	105
1706	1706	3	106
1707	1707	3	107
1708	1708	3	108
1709	1709	3	109
1710	1710	3	110
1711	1711	3	111
1712	1712	3	112
1713	1713	3	113
1714	1714	3	114
1715	1715	3	115
1716	1716	3	116
1717	1717	3	117
1718	1718	3	118
1719	1719	3	119
1720	1720	3	120
1721	1721	3	121
1722	1722	3	122
1723	1723	3	123
1724	1724	3	124
1725	1725	3	125
1726	1726	3	126
1727	1727	3	127
1728	1728	3	128
1729	1729	3	129
1730	1730	3	130
1731	1731	3	131
1732	1732	3	132
1733	1733	3	133
1734	1734	3	134
1735	1735	3	135
1736	1736	3	136
1737	1737	3	137
1738	1738	3	138
1739	1739	3	139
1740	1740	3	140
1741	1741	3	141
1742	1742	3	142
1743	1743	3	143
1744	1744	3	144
1745	1745	3	145
1746	1746	3	146
1747	1747	3	147
1748	1748	3	148
1749	1749	3	149
1750	1750	3	150
1751	1751	3	151
1752	1752	3	152
1753	1753	3	153
1754	1754	3	154
1755	1755	3	155
1756	1756	3	156
1757	1757	3	157
1758	1758	3	158
1759	1759	3	159
1760	1760	3	160
1761	1761	3	161
1762	1762	3	162
1763	1763	3	163
1764	1764	3	164
1765	1765	3	165
1766	1766	3	166
1767	1767	3	167
1768	1768	3	168
1769	1769	3	169
1770	1770	3	170
1771	1771	3	171
1772	1772	3	172
1773	1773	3	173
1774	1774	3	174
1775	1775	3	175
1776	1776	3	176
1777	1777	3	177
1778	1778	3	178
1779	1779	3	179
1780	1780	3	180
1781	1781	3	181
1782	1782	3	182
1783	1783	3	183
1784	1784	3	184
1785	1785	3	185
1786	1786	3	186
1787	1787	3	187
1788	1788	3	188
1789	1789	3	189
1790	1790	3	190
1791	1791	3	191
