0	35	0	1	1	0	2	0	1024
1	35	1	1	1	1	2	1	1025
2	35	2	1	1	2	2	2	1026
3	35	3	1	1	3	2	3	1027
4	35	4	1	1	4	2	4	1028
5	35	5	1	1	5	2	5	1029
6	35	6	1	1	6	2	6	1030
7	35	7	1	1	7	2	7	1031
8	35	8	1	1	8	2	8	1032
9	35	9	1	1	9	2	9	1033
10	35	10	1	1	10	2	10	1034
11	35	11	1	1	11	2	11	1035
12	35	12	1	1	12	2	12	1036
13	35	13	1	1	13	2	13	1037
14	35	14	1	1	14	2	14	1038
15	35	15	1	1	15	2	15	1039
16	35	16	1	1	16	2	16	1040
17	35	17	1	1	17	2	17	1041
18	35	18	1	1	18	2	18	1042
19	35	19	1	1	19	2	19	1043
20	35	20	1	1	20	2	20	1044
21	35	21	1	1	21	2	21	1045
22	35	22	1	1	22	2	22	1046
23	35	23	1	1	23	2	23	1047
24	35	24	1	1	24	2	24	1048
25	35	25	1	1	25	2	25	1049
26	35	26	1	1	26	2	26	1050
27	35	27	1	1	27	2	27	1051
28	35	28	1	1	28	2	28	1052
29	35	29	1	1	29	2	29	1053
30	35	30	1	1	30	2	30	1054
31	35	31	1	1	31	2	31	1055
32	37	0	1	1	32	2	32	1056
33	37	1	1	1	33	2	33	1057
34	37	2	1	1	34	2	34	1058
35	37	3	1	1	35	2	35	1059
36	37	4	1	1	36	2	36	1060
37	37	5	1	1	37	2	37	1061
38	37	6	1	1	38	2	38	1062
39	37	7	1	1	39	2	39	1063
40	37	8	1	1	40	2	40	1064
41	37	9	1	1	41	2	41	1065
42	37	10	1	1	42	2	42	1066
43	37	11	1	1	43	2	43	1067
44	37	12	1	1	44	2	44	1068
45	37	13	1	1	45	2	45	1069
46	37	14	1	1	46	2	46	1070
47	37	15	1	1	47	2	47	1071
48	37	16	1	1	48	2	48	1072
49	37	17	1	1	49	2	49	1073
50	37	18	1	1	50	2	50	1074
51	37	19	1	1	51	2	51	1075
52	37	20	1	1	52	2	52	1076
53	37	21	1	1	53	2	53	1077
54	37	22	1	1	54	2	54	1078
55	37	23	1	1	55	2	55	1079
56	37	24	1	1	56	2	56	1080
57	37	25	1	1	57	2	57	1081
58	37	26	1	1	58	2	58	1082
59	37	27	1	1	59	2	59	1083
60	37	28	1	1	60	2	60	1084
61	37	29	1	1	61	2	61	1085
62	37	30	1	1	62	2	62	1086
63	37	31	1	1	63	2	63	1087
64	36	0	1	2	0	0	0	0
65	36	1	1	2	1	0	1	1
66	36	2	1	2	2	0	2	2
67	36	3	1	2	3	0	3	3
68	36	4	1	2	4	0	4	4
69	36	5	1	2	5	0	5	5
70	36	6	1	2	6	0	6	6
71	36	7	1	2	7	0	7	7
72	36	8	1	2	8	0	8	8
73	36	9	1	2	9	0	9	9
74	36	10	1	2	10	0	10	10
75	36	11	1	2	11	0	11	11
76	36	12	1	2	12	0	12	12
77	36	13	1	2	13	0	13	13
78	36	14	1	2	14	0	14	14
79	36	15	1	2	15	0	15	15
80	36	16	1	2	16	0	16	16
81	36	17	1	2	17	0	17	17
82	36	18	1	2	18	0	18	18
83	36	19	1	2	19	0	19	19
84	36	20	1	2	20	0	20	20
85	36	21	1	2	21	0	21	21
86	36	22	1	2	22	0	22	22
87	36	23	1	2	23	0	23	23
88	36	24	1	2	24	0	24	24
89	36	25	1	2	25	0	25	25
90	36	26	1	2	26	0	26	26
91	36	27	1	2	27	0	27	27
92	36	28	1	2	28	0	28	28
93	36	29	1	2	29	0	29	29
94	36	30	1	2	30	0	30	30
95	36	31	1	2	31	0	31	31
96	39	0	1	2	32	0	32	32
97	39	1	1	2	33	0	33	33
98	39	2	1	2	34	0	34	34
99	39	3	1	2	35	0	35	35
100	39	4	1	2	36	0	36	36
101	39	5	1	2	37	0	37	37
102	39	6	1	2	38	0	38	38
103	39	7	1	2	39	0	39	39
104	39	8	1	2	40	0	40	40
105	39	9	1	2	41	0	41	41
106	39	10	1	2	42	0	42	42
107	39	11	1	2	43	0	43	43
108	39	12	1	2	44	0	44	44
109	39	13	1	2	45	0	45	45
110	39	14	1	2	46	0	46	46
111	39	15	1	2	47	0	47	47
112	39	16	1	2	48	0	48	48
113	39	17	1	2	49	0	49	49
114	39	18	1	2	50	0	50	50
115	39	19	1	2	51	0	51	51
116	39	20	1	2	52	0	52	52
117	39	21	1	2	53	0	53	53
118	39	22	1	2	54	0	54	54
119	39	23	1	2	55	0	55	55
120	39	24	1	2	56	0	56	56
121	39	25	1	2	57	0	57	57
122	39	26	1	2	58	0	58	58
123	39	27	1	2	59	0	59	59
124	39	28	1	2	60	0	60	60
125	39	29	1	2	61	0	61	61
126	39	30	1	2	62	0	62	62
127	39	31	1	2	63	0	63	63
128	38	0	1	3	0	2	64	1088
129	38	1	1	3	1	2	65	1089
130	38	2	1	3	2	2	66	1090
131	38	3	1	3	3	2	67	1091
132	38	4	1	3	4	2	68	1092
133	38	5	1	3	5	2	69	1093
134	38	6	1	3	6	2	70	1094
135	38	7	1	3	7	2	71	1095
136	38	8	1	3	8	2	72	1096
137	38	9	1	3	9	2	73	1097
138	38	10	1	3	10	2	74	1098
139	38	11	1	3	11	2	75	1099
140	38	12	1	3	12	2	76	1100
141	38	13	1	3	13	2	77	1101
142	38	14	1	3	14	2	78	1102
143	38	15	1	3	15	2	79	1103
144	38	16	1	3	16	2	80	1104
145	38	17	1	3	17	2	81	1105
146	38	18	1	3	18	2	82	1106
147	38	19	1	3	19	2	83	1107
148	38	20	1	3	20	2	84	1108
149	38	21	1	3	21	2	85	1109
150	38	22	1	3	22	2	86	1110
151	38	23	1	3	23	2	87	1111
152	38	24	1	3	24	2	88	1112
153	38	25	1	3	25	2	89	1113
154	38	26	1	3	26	2	90	1114
155	38	27	1	3	27	2	91	1115
156	38	28	1	3	28	2	92	1116
157	38	29	1	3	29	2	93	1117
158	38	30	1	3	30	2	94	1118
159	38	31	1	3	31	2	95	1119
160	40	0	1	3	32	2	96	1120
161	40	1	1	3	33	2	97	1121
162	40	2	1	3	34	2	98	1122
163	40	3	1	3	35	2	99	1123
164	40	4	1	3	36	2	100	1124
165	40	5	1	3	37	2	101	1125
166	40	6	1	3	38	2	102	1126
167	40	7	1	3	39	2	103	1127
168	40	8	1	3	40	2	104	1128
169	40	9	1	3	41	2	105	1129
170	40	10	1	3	42	2	106	1130
171	40	11	1	3	43	2	107	1131
172	40	12	1	3	44	2	108	1132
173	40	13	1	3	45	2	109	1133
174	40	14	1	3	46	2	110	1134
175	40	15	1	3	47	2	111	1135
176	40	16	1	3	48	2	112	1136
177	40	17	1	3	49	2	113	1137
178	40	18	1	3	50	2	114	1138
179	40	19	1	3	51	2	115	1139
180	40	20	1	3	52	2	116	1140
181	40	21	1	3	53	2	117	1141
182	40	22	1	3	54	2	118	1142
183	40	23	1	3	55	2	119	1143
184	40	24	1	3	56	2	120	1144
185	40	25	1	3	57	2	121	1145
186	40	26	1	3	58	2	122	1146
187	40	27	1	3	59	2	123	1147
188	40	28	1	3	60	2	124	1148
189	40	29	1	3	61	2	125	1149
190	40	30	1	3	62	2	126	1150
191	40	31	1	3	63	2	127	1151
192	41	0	1	4	0	1	0	384
193	41	1	1	4	1	1	1	385
194	41	2	1	4	2	1	2	386
195	41	3	1	4	3	1	3	387
196	41	4	1	4	4	1	4	388
197	41	5	1	4	5	1	5	389
198	41	6	1	4	6	1	6	390
199	41	7	1	4	7	1	7	391
200	41	8	1	4	8	1	8	392
201	41	9	1	4	9	1	9	393
202	41	10	1	4	10	1	10	394
203	41	11	1	4	11	1	11	395
204	41	12	1	4	12	1	12	396
205	41	13	1	4	13	1	13	397
206	41	14	1	4	14	1	14	398
207	41	15	1	4	15	1	15	399
208	41	16	1	4	16	1	16	400
209	41	17	1	4	17	1	17	401
210	41	18	1	4	18	1	18	402
211	41	19	1	4	19	1	19	403
212	41	20	1	4	20	1	20	404
213	41	21	1	4	21	1	21	405
214	41	22	1	4	22	1	22	406
215	41	23	1	4	23	1	23	407
216	41	24	1	4	24	1	24	408
217	41	25	1	4	25	1	25	409
218	41	26	1	4	26	1	26	410
219	41	27	1	4	27	1	27	411
220	41	28	1	4	28	1	28	412
221	41	29	1	4	29	1	29	413
222	41	30	1	4	30	1	30	414
223	41	31	1	4	31	1	31	415
224	42	0	1	4	32	1	32	416
225	42	1	1	4	33	1	33	417
226	42	2	1	4	34	1	34	418
227	42	3	1	4	35	1	35	419
228	42	4	1	4	36	1	36	420
229	42	5	1	4	37	1	37	421
230	42	6	1	4	38	1	38	422
231	42	7	1	4	39	1	39	423
232	42	8	1	4	40	1	40	424
233	42	9	1	4	41	1	41	425
234	42	10	1	4	42	1	42	426
235	42	11	1	4	43	1	43	427
236	42	12	1	4	44	1	44	428
237	42	13	1	4	45	1	45	429
238	42	14	1	4	46	1	46	430
239	42	15	1	4	47	1	47	431
240	42	16	1	4	48	1	48	432
241	42	17	1	4	49	1	49	433
242	42	18	1	4	50	1	50	434
243	42	19	1	4	51	1	51	435
244	42	20	1	4	52	1	52	436
245	42	21	1	4	53	1	53	437
246	42	22	1	4	54	1	54	438
247	42	23	1	4	55	1	55	439
248	42	24	1	4	56	1	56	440
249	42	25	1	4	57	1	57	441
250	42	26	1	4	58	1	58	442
251	42	27	1	4	59	1	59	443
252	42	28	1	4	60	1	60	444
253	42	29	1	4	61	1	61	445
254	42	30	1	4	62	1	62	446
255	42	31	1	4	63	1	63	447
256	43	0	1	5	0	1	64	448
257	43	1	1	5	1	1	65	449
258	43	2	1	5	2	1	66	450
259	43	3	1	5	3	1	67	451
260	43	4	1	5	4	1	68	452
261	43	5	1	5	5	1	69	453
262	43	6	1	5	6	1	70	454
263	43	7	1	5	7	1	71	455
264	43	8	1	5	8	1	72	456
265	43	9	1	5	9	1	73	457
266	43	10	1	5	10	1	74	458
267	43	11	1	5	11	1	75	459
268	43	12	1	5	12	1	76	460
269	43	13	1	5	13	1	77	461
270	43	14	1	5	14	1	78	462
271	43	15	1	5	15	1	79	463
272	43	16	1	5	16	1	80	464
273	43	17	1	5	17	1	81	465
274	43	18	1	5	18	1	82	466
275	43	19	1	5	19	1	83	467
276	43	20	1	5	20	1	84	468
277	43	21	1	5	21	1	85	469
278	43	22	1	5	22	1	86	470
279	43	23	1	5	23	1	87	471
280	43	24	1	5	24	1	88	472
281	43	25	1	5	25	1	89	473
282	43	26	1	5	26	1	90	474
283	43	27	1	5	27	1	91	475
284	43	28	1	5	28	1	92	476
285	43	29	1	5	29	1	93	477
286	43	30	1	5	30	1	94	478
287	43	31	1	5	31	1	95	479
288	44	0	1	5	32	1	96	480
289	44	1	1	5	33	1	97	481
290	44	2	1	5	34	1	98	482
291	44	3	1	5	35	1	99	483
292	44	4	1	5	36	1	100	484
293	44	5	1	5	37	1	101	485
294	44	6	1	5	38	1	102	486
295	44	7	1	5	39	1	103	487
296	44	8	1	5	40	1	104	488
297	44	9	1	5	41	1	105	489
298	44	10	1	5	42	1	106	490
299	44	11	1	5	43	1	107	491
300	44	12	1	5	44	1	108	492
301	44	13	1	5	45	1	109	493
302	44	14	1	5	46	1	110	494
303	44	15	1	5	47	1	111	495
304	44	16	1	5	48	1	112	496
305	44	17	1	5	49	1	113	497
306	44	18	1	5	50	1	114	498
307	44	19	1	5	51	1	115	499
308	44	20	1	5	52	1	116	500
309	44	21	1	5	53	1	117	501
310	44	22	1	5	54	1	118	502
311	44	23	1	5	55	1	119	503
312	44	24	1	5	56	1	120	504
313	44	25	1	5	57	1	121	505
314	44	26	1	5	58	1	122	506
315	44	27	1	5	59	1	123	507
316	44	28	1	5	60	1	124	508
317	44	29	1	5	61	1	125	509
318	44	30	1	5	62	1	126	510
319	44	31	1	5	63	1	127	511
320	45	0	1	6	0	1	128	512
321	45	1	1	6	1	1	129	513
322	45	2	1	6	2	1	130	514
323	45	3	1	6	3	1	131	515
324	45	4	1	6	4	1	132	516
325	45	5	1	6	5	1	133	517
326	45	6	1	6	6	1	134	518
327	45	7	1	6	7	1	135	519
328	45	8	1	6	8	1	136	520
329	45	9	1	6	9	1	137	521
330	45	10	1	6	10	1	138	522
331	45	11	1	6	11	1	139	523
332	45	12	1	6	12	1	140	524
333	45	13	1	6	13	1	141	525
334	45	14	1	6	14	1	142	526
335	45	15	1	6	15	1	143	527
336	45	16	1	6	16	1	144	528
337	45	17	1	6	17	1	145	529
338	45	18	1	6	18	1	146	530
339	45	19	1	6	19	1	147	531
340	45	20	1	6	20	1	148	532
341	45	21	1	6	21	1	149	533
342	45	22	1	6	22	1	150	534
343	45	23	1	6	23	1	151	535
344	45	24	1	6	24	1	152	536
345	45	25	1	6	25	1	153	537
346	45	26	1	6	26	1	154	538
347	45	27	1	6	27	1	155	539
348	45	28	1	6	28	1	156	540
349	45	29	1	6	29	1	157	541
350	45	30	1	6	30	1	158	542
351	45	31	1	6	31	1	159	543
352	46	0	1	6	32	1	160	544
353	46	1	1	6	33	1	161	545
354	46	2	1	6	34	1	162	546
355	46	3	1	6	35	1	163	547
356	46	4	1	6	36	1	164	548
357	46	5	1	6	37	1	165	549
358	46	6	1	6	38	1	166	550
359	46	7	1	6	39	1	167	551
360	46	8	1	6	40	1	168	552
361	46	9	1	6	41	1	169	553
362	46	10	1	6	42	1	170	554
363	46	11	1	6	43	1	171	555
364	46	12	1	6	44	1	172	556
365	46	13	1	6	45	1	173	557
366	46	14	1	6	46	1	174	558
367	46	15	1	6	47	1	175	559
368	46	16	1	6	48	1	176	560
369	46	17	1	6	49	1	177	561
370	46	18	1	6	50	1	178	562
371	46	19	1	6	51	1	179	563
372	46	20	1	6	52	1	180	564
373	46	21	1	6	53	1	181	565
374	46	22	1	6	54	1	182	566
375	46	23	1	6	55	1	183	567
376	46	24	1	6	56	1	184	568
377	46	25	1	6	57	1	185	569
378	46	26	1	6	58	1	186	570
379	46	27	1	6	59	1	187	571
380	46	28	1	6	60	1	188	572
381	46	29	1	6	61	1	189	573
382	46	30	1	6	62	1	190	574
383	46	31	1	6	63	1	191	575
384	47	0	1	7	0	1	192	576
385	47	1	1	7	1	1	193	577
386	47	2	1	7	2	1	194	578
387	47	3	1	7	3	1	195	579
388	47	4	1	7	4	1	196	580
389	47	5	1	7	5	1	197	581
390	47	6	1	7	6	1	198	582
391	47	7	1	7	7	1	199	583
392	47	8	1	7	8	1	200	584
393	47	9	1	7	9	1	201	585
394	47	10	1	7	10	1	202	586
395	47	11	1	7	11	1	203	587
396	47	12	1	7	12	1	204	588
397	47	13	1	7	13	1	205	589
398	47	14	1	7	14	1	206	590
399	47	15	1	7	15	1	207	591
400	47	16	1	7	16	1	208	592
401	47	17	1	7	17	1	209	593
402	47	18	1	7	18	1	210	594
403	47	19	1	7	19	1	211	595
404	47	20	1	7	20	1	212	596
405	47	21	1	7	21	1	213	597
406	47	22	1	7	22	1	214	598
407	47	23	1	7	23	1	215	599
408	47	24	1	7	24	1	216	600
409	47	25	1	7	25	1	217	601
410	47	26	1	7	26	1	218	602
411	47	27	1	7	27	1	219	603
412	47	28	1	7	28	1	220	604
413	47	29	1	7	29	1	221	605
414	47	30	1	7	30	1	222	606
415	47	31	1	7	31	1	223	607
416	48	0	1	7	32	1	224	608
417	48	1	1	7	33	1	225	609
418	48	2	1	7	34	1	226	610
419	48	3	1	7	35	1	227	611
420	48	4	1	7	36	1	228	612
421	48	5	1	7	37	1	229	613
422	48	6	1	7	38	1	230	614
423	48	7	1	7	39	1	231	615
424	48	8	1	7	40	1	232	616
425	48	9	1	7	41	1	233	617
426	48	10	1	7	42	1	234	618
427	48	11	1	7	43	1	235	619
428	48	12	1	7	44	1	236	620
429	48	13	1	7	45	1	237	621
430	48	14	1	7	46	1	238	622
431	48	15	1	7	47	1	239	623
432	48	16	1	7	48	1	240	624
433	48	17	1	7	49	1	241	625
434	48	18	1	7	50	1	242	626
435	48	19	1	7	51	1	243	627
436	48	20	1	7	52	1	244	628
437	48	21	1	7	53	1	245	629
438	48	22	1	7	54	1	246	630
439	48	23	1	7	55	1	247	631
440	48	24	1	7	56	1	248	632
441	48	25	1	7	57	1	249	633
442	48	26	1	7	58	1	250	634
443	48	27	1	7	59	1	251	635
444	48	28	1	7	60	1	252	636
445	48	29	1	7	61	1	253	637
446	48	30	1	7	62	1	254	638
447	48	31	1	7	63	1	255	639
448	49	0	1	8	0	1	256	640
449	49	1	1	8	1	1	257	641
450	49	2	1	8	2	1	258	642
451	49	3	1	8	3	1	259	643
452	49	4	1	8	4	1	260	644
453	49	5	1	8	5	1	261	645
454	49	6	1	8	6	1	262	646
455	49	7	1	8	7	1	263	647
456	49	8	1	8	8	1	264	648
457	49	9	1	8	9	1	265	649
458	49	10	1	8	10	1	266	650
459	49	11	1	8	11	1	267	651
460	49	12	1	8	12	1	268	652
461	49	13	1	8	13	1	269	653
462	49	14	1	8	14	1	270	654
463	49	15	1	8	15	1	271	655
464	49	16	1	8	16	1	272	656
465	49	17	1	8	17	1	273	657
466	49	18	1	8	18	1	274	658
467	49	19	1	8	19	1	275	659
468	49	20	1	8	20	1	276	660
469	49	21	1	8	21	1	277	661
470	49	22	1	8	22	1	278	662
471	49	23	1	8	23	1	279	663
472	49	24	1	8	24	1	280	664
473	49	25	1	8	25	1	281	665
474	49	26	1	8	26	1	282	666
475	49	27	1	8	27	1	283	667
476	49	28	1	8	28	1	284	668
477	49	29	1	8	29	1	285	669
478	49	30	1	8	30	1	286	670
479	49	31	1	8	31	1	287	671
480	50	0	1	8	32	1	288	672
481	50	1	1	8	33	1	289	673
482	50	2	1	8	34	1	290	674
483	50	3	1	8	35	1	291	675
484	50	4	1	8	36	1	292	676
485	50	5	1	8	37	1	293	677
486	50	6	1	8	38	1	294	678
487	50	7	1	8	39	1	295	679
488	50	8	1	8	40	1	296	680
489	50	9	1	8	41	1	297	681
490	50	10	1	8	42	1	298	682
491	50	11	1	8	43	1	299	683
492	50	12	1	8	44	1	300	684
493	50	13	1	8	45	1	301	685
494	50	14	1	8	46	1	302	686
495	50	15	1	8	47	1	303	687
496	50	16	1	8	48	1	304	688
497	50	17	1	8	49	1	305	689
498	50	18	1	8	50	1	306	690
499	50	19	1	8	51	1	307	691
500	50	20	1	8	52	1	308	692
501	50	21	1	8	53	1	309	693
502	50	22	1	8	54	1	310	694
503	50	23	1	8	55	1	311	695
504	50	24	1	8	56	1	312	696
505	50	25	1	8	57	1	313	697
506	50	26	1	8	58	1	314	698
507	50	27	1	8	59	1	315	699
508	50	28	1	8	60	1	316	700
509	50	29	1	8	61	1	317	701
510	50	30	1	8	62	1	318	702
511	50	31	1	8	63	1	319	703
-1	-1	-1	1	-1	-1	1	-1	-1
-1	-1	-1	1	-1	-1	1	-1	-1
-1	-1	-1	1	-1	-1	1	-1	-1
-1	-1	-1	1	-1	-1	1	-1	-1
-1	-1	-1	1	-1	-1	1	-1	-1
-1	-1	-1	1	-1	-1	1	-1	-1
-1	-1	-1	1	-1	-1	1	-1	-1
-1	-1	-1	1	-1	-1	1	-1	-1
-1	-1	-1	1	-1	-1	1	-1	-1
-1	-1	-1	1	-1	-1	1	-1	-1
-1	-1	-1	1	-1	-1	1	-1	-1
-1	-1	-1	1	-1	-1	1	-1	-1
-1	-1	-1	1	-1	-1	1	-1	-1
-1	-1	-1	1	-1	-1	1	-1	-1
-1	-1	-1	1	-1	-1	1	-1	-1
-1	-1	-1	1	-1	-1	1	-1	-1
-1	-1	-1	1	-1	-1	1	-1	-1
-1	-1	-1	1	-1	-1	1	-1	-1
-1	-1	-1	1	-1	-1	1	-1	-1
-1	-1	-1	1	-1	-1	1	-1	-1
-1	-1	-1	1	-1	-1	1	-1	-1
-1	-1	-1	1	-1	-1	1	-1	-1
-1	-1	-1	1	-1	-1	1	-1	-1
-1	-1	-1	1	-1	-1	1	-1	-1
-1	-1	-1	1	-1	-1	1	-1	-1
-1	-1	-1	1	-1	-1	1	-1	-1
-1	-1	-1	1	-1	-1	1	-1	-1
-1	-1	-1	1	-1	-1	1	-1	-1
-1	-1	-1	1	-1	-1	1	-1	-1
-1	-1	-1	1	-1	-1	1	-1	-1
-1	-1	-1	1	-1	-1	1	-1	-1
-1	-1	-1	1	-1	-1	1	-1	-1
-1	-1	-1	1	-1	-1	1	-1	-1
-1	-1	-1	1	-1	-1	1	-1	-1
-1	-1	-1	1	-1	-1	1	-1	-1
-1	-1	-1	1	-1	-1	1	-1	-1
-1	-1	-1	1	-1	-1	1	-1	-1
-1	-1	-1	1	-1	-1	1	-1	-1
-1	-1	-1	1	-1	-1	1	-1	-1
-1	-1	-1	1	-1	-1	1	-1	-1
-1	-1	-1	1	-1	-1	1	-1	-1
-1	-1	-1	1	-1	-1	1	-1	-1
-1	-1	-1	1	-1	-1	1	-1	-1
-1	-1	-1	1	-1	-1	1	-1	-1
-1	-1	-1	1	-1	-1	1	-1	-1
-1	-1	-1	1	-1	-1	1	-1	-1
-1	-1	-1	1	-1	-1	1	-1	-1
-1	-1	-1	1	-1	-1	1	-1	-1
-1	-1	-1	1	-1	-1	1	-1	-1
-1	-1	-1	1	-1	-1	1	-1	-1
-1	-1	-1	1	-1	-1	1	-1	-1
-1	-1	-1	1	-1	-1	1	-1	-1
-1	-1	-1	1	-1	-1	1	-1	-1
-1	-1	-1	1	-1	-1	1	-1	-1
-1	-1	-1	1	-1	-1	1	-1	-1
-1	-1	-1	1	-1	-1	1	-1	-1
-1	-1	-1	1	-1	-1	1	-1	-1
-1	-1	-1	1	-1	-1	1	-1	-1
-1	-1	-1	1	-1	-1	1	-1	-1
-1	-1	-1	1	-1	-1	1	-1	-1
-1	-1	-1	1	-1	-1	1	-1	-1
-1	-1	-1	1	-1	-1	1	-1	-1
-1	-1	-1	1	-1	-1	1	-1	-1
-1	-1	-1	1	-1	-1	1	-1	-1
-1	-1	-1	1	-1	-1	1	-1	-1
-1	-1	-1	1	-1	-1	1	-1	-1
-1	-1	-1	1	-1	-1	1	-1	-1
-1	-1	-1	1	-1	-1	1	-1	-1
-1	-1	-1	1	-1	-1	1	-1	-1
-1	-1	-1	1	-1	-1	1	-1	-1
-1	-1	-1	1	-1	-1	1	-1	-1
-1	-1	-1	1	-1	-1	1	-1	-1
-1	-1	-1	1	-1	-1	1	-1	-1
-1	-1	-1	1	-1	-1	1	-1	-1
-1	-1	-1	1	-1	-1	1	-1	-1
-1	-1	-1	1	-1	-1	1	-1	-1
-1	-1	-1	1	-1	-1	1	-1	-1
-1	-1	-1	1	-1	-1	1	-1	-1
-1	-1	-1	1	-1	-1	1	-1	-1
-1	-1	-1	1	-1	-1	1	-1	-1
-1	-1	-1	1	-1	-1	1	-1	-1
-1	-1	-1	1	-1	-1	1	-1	-1
-1	-1	-1	1	-1	-1	1	-1	-1
-1	-1	-1	1	-1	-1	1	-1	-1
-1	-1	-1	1	-1	-1	1	-1	-1
-1	-1	-1	1	-1	-1	1	-1	-1
-1	-1	-1	1	-1	-1	1	-1	-1
-1	-1	-1	1	-1	-1	1	-1	-1
-1	-1	-1	1	-1	-1	1	-1	-1
-1	-1	-1	1	-1	-1	1	-1	-1
-1	-1	-1	1	-1	-1	1	-1	-1
-1	-1	-1	1	-1	-1	1	-1	-1
-1	-1	-1	1	-1	-1	1	-1	-1
-1	-1	-1	1	-1	-1	1	-1	-1
-1	-1	-1	1	-1	-1	1	-1	-1
-1	-1	-1	1	-1	-1	1	-1	-1
-1	-1	-1	1	-1	-1	1	-1	-1
-1	-1	-1	1	-1	-1	1	-1	-1
-1	-1	-1	1	-1	-1	1	-1	-1
-1	-1	-1	1	-1	-1	1	-1	-1
-1	-1	-1	1	-1	-1	1	-1	-1
-1	-1	-1	1	-1	-1	1	-1	-1
-1	-1	-1	1	-1	-1	1	-1	-1
-1	-1	-1	1	-1	-1	1	-1	-1
-1	-1	-1	1	-1	-1	1	-1	-1
-1	-1	-1	1	-1	-1	1	-1	-1
-1	-1	-1	1	-1	-1	1	-1	-1
-1	-1	-1	1	-1	-1	1	-1	-1
-1	-1	-1	1	-1	-1	1	-1	-1
-1	-1	-1	1	-1	-1	1	-1	-1
-1	-1	-1	1	-1	-1	1	-1	-1
-1	-1	-1	1	-1	-1	1	-1	-1
-1	-1	-1	1	-1	-1	1	-1	-1
-1	-1	-1	1	-1	-1	1	-1	-1
-1	-1	-1	1	-1	-1	1	-1	-1
-1	-1	-1	1	-1	-1	1	-1	-1
-1	-1	-1	1	-1	-1	1	-1	-1
-1	-1	-1	1	-1	-1	1	-1	-1
-1	-1	-1	1	-1	-1	1	-1	-1
-1	-1	-1	1	-1	-1	1	-1	-1
-1	-1	-1	1	-1	-1	1	-1	-1
-1	-1	-1	1	-1	-1	1	-1	-1
-1	-1	-1	1	-1	-1	1	-1	-1
-1	-1	-1	1	-1	-1	1	-1	-1
-1	-1	-1	1	-1	-1	1	-1	-1
-1	-1	-1	1	-1	-1	1	-1	-1
-1	-1	-1	1	-1	-1	1	-1	-1
-1	-1	-1	1	-1	-1	1	-1	-1
512	15	0	2	1	0	2	128	1152
513	15	1	2	1	1	2	129	1153
514	15	2	2	1	2	2	130	1154
515	15	3	2	1	3	2	131	1155
516	15	4	2	1	4	2	132	1156
517	15	5	2	1	5	2	133	1157
518	15	6	2	1	6	2	134	1158
519	15	7	2	1	7	2	135	1159
520	15	8	2	1	8	2	136	1160
521	15	9	2	1	9	2	137	1161
522	15	10	2	1	10	2	138	1162
523	15	11	2	1	11	2	139	1163
524	15	12	2	1	12	2	140	1164
525	15	13	2	1	13	2	141	1165
526	15	14	2	1	14	2	142	1166
527	15	15	2	1	15	2	143	1167
528	15	16	2	1	16	2	144	1168
529	15	17	2	1	17	2	145	1169
530	15	18	2	1	18	2	146	1170
531	15	19	2	1	19	2	147	1171
532	15	20	2	1	20	2	148	1172
533	15	21	2	1	21	2	149	1173
534	15	22	2	1	22	2	150	1174
535	15	23	2	1	23	2	151	1175
536	15	24	2	1	24	2	152	1176
537	15	25	2	1	25	2	153	1177
538	15	26	2	1	26	2	154	1178
539	15	27	2	1	27	2	155	1179
540	15	28	2	1	28	2	156	1180
541	15	29	2	1	29	2	157	1181
542	15	30	2	1	30	2	158	1182
543	15	31	2	1	31	2	159	1183
544	17	0	2	1	32	2	160	1184
545	17	1	2	1	33	2	161	1185
546	17	2	2	1	34	2	162	1186
547	17	3	2	1	35	2	163	1187
548	17	4	2	1	36	2	164	1188
549	17	5	2	1	37	2	165	1189
550	17	6	2	1	38	2	166	1190
551	17	7	2	1	39	2	167	1191
552	17	8	2	1	40	2	168	1192
553	17	9	2	1	41	2	169	1193
554	17	10	2	1	42	2	170	1194
555	17	11	2	1	43	2	171	1195
556	17	12	2	1	44	2	172	1196
557	17	13	2	1	45	2	173	1197
558	17	14	2	1	46	2	174	1198
559	17	15	2	1	47	2	175	1199
560	17	16	2	1	48	2	176	1200
561	17	17	2	1	49	2	177	1201
562	17	18	2	1	50	2	178	1202
563	17	19	2	1	51	2	179	1203
564	17	20	2	1	52	2	180	1204
565	17	21	2	1	53	2	181	1205
566	17	22	2	1	54	2	182	1206
567	17	23	2	1	55	2	183	1207
568	17	24	2	1	56	2	184	1208
569	17	25	2	1	57	2	185	1209
570	17	26	2	1	58	2	186	1210
571	17	27	2	1	59	2	187	1211
572	17	28	2	1	60	2	188	1212
573	17	29	2	1	61	2	189	1213
574	17	30	2	1	62	2	190	1214
575	17	31	2	1	63	2	191	1215
576	16	0	2	2	0	0	64	64
577	16	1	2	2	1	0	65	65
578	16	2	2	2	2	0	66	66
579	16	3	2	2	3	0	67	67
580	16	4	2	2	4	0	68	68
581	16	5	2	2	5	0	69	69
582	16	6	2	2	6	0	70	70
583	16	7	2	2	7	0	71	71
584	16	8	2	2	8	0	72	72
585	16	9	2	2	9	0	73	73
586	16	10	2	2	10	0	74	74
587	16	11	2	2	11	0	75	75
588	16	12	2	2	12	0	76	76
589	16	13	2	2	13	0	77	77
590	16	14	2	2	14	0	78	78
591	16	15	2	2	15	0	79	79
592	16	16	2	2	16	0	80	80
593	16	17	2	2	17	0	81	81
594	16	18	2	2	18	0	82	82
595	16	19	2	2	19	0	83	83
596	16	20	2	2	20	0	84	84
597	16	21	2	2	21	0	85	85
598	16	22	2	2	22	0	86	86
599	16	23	2	2	23	0	87	87
600	16	24	2	2	24	0	88	88
601	16	25	2	2	25	0	89	89
602	16	26	2	2	26	0	90	90
603	16	27	2	2	27	0	91	91
604	16	28	2	2	28	0	92	92
605	16	29	2	2	29	0	93	93
606	16	30	2	2	30	0	94	94
607	16	31	2	2	31	0	95	95
608	19	0	2	2	32	0	96	96
609	19	1	2	2	33	0	97	97
610	19	2	2	2	34	0	98	98
611	19	3	2	2	35	0	99	99
612	19	4	2	2	36	0	100	100
613	19	5	2	2	37	0	101	101
614	19	6	2	2	38	0	102	102
615	19	7	2	2	39	0	103	103
616	19	8	2	2	40	0	104	104
617	19	9	2	2	41	0	105	105
618	19	10	2	2	42	0	106	106
619	19	11	2	2	43	0	107	107
620	19	12	2	2	44	0	108	108
621	19	13	2	2	45	0	109	109
622	19	14	2	2	46	0	110	110
623	19	15	2	2	47	0	111	111
624	19	16	2	2	48	0	112	112
625	19	17	2	2	49	0	113	113
626	19	18	2	2	50	0	114	114
627	19	19	2	2	51	0	115	115
628	19	20	2	2	52	0	116	116
629	19	21	2	2	53	0	117	117
630	19	22	2	2	54	0	118	118
631	19	23	2	2	55	0	119	119
632	19	24	2	2	56	0	120	120
633	19	25	2	2	57	0	121	121
634	19	26	2	2	58	0	122	122
635	19	27	2	2	59	0	123	123
636	19	28	2	2	60	0	124	124
637	19	29	2	2	61	0	125	125
638	19	30	2	2	62	0	126	126
639	19	31	2	2	63	0	127	127
640	18	0	2	3	0	2	192	1216
641	18	1	2	3	1	2	193	1217
642	18	2	2	3	2	2	194	1218
643	18	3	2	3	3	2	195	1219
644	18	4	2	3	4	2	196	1220
645	18	5	2	3	5	2	197	1221
646	18	6	2	3	6	2	198	1222
647	18	7	2	3	7	2	199	1223
648	18	8	2	3	8	2	200	1224
649	18	9	2	3	9	2	201	1225
650	18	10	2	3	10	2	202	1226
651	18	11	2	3	11	2	203	1227
652	18	12	2	3	12	2	204	1228
653	18	13	2	3	13	2	205	1229
654	18	14	2	3	14	2	206	1230
655	18	15	2	3	15	2	207	1231
656	18	16	2	3	16	2	208	1232
657	18	17	2	3	17	2	209	1233
658	18	18	2	3	18	2	210	1234
659	18	19	2	3	19	2	211	1235
660	18	20	2	3	20	2	212	1236
661	18	21	2	3	21	2	213	1237
662	18	22	2	3	22	2	214	1238
663	18	23	2	3	23	2	215	1239
664	18	24	2	3	24	2	216	1240
665	18	25	2	3	25	2	217	1241
666	18	26	2	3	26	2	218	1242
667	18	27	2	3	27	2	219	1243
668	18	28	2	3	28	2	220	1244
669	18	29	2	3	29	2	221	1245
670	18	30	2	3	30	2	222	1246
671	18	31	2	3	31	2	223	1247
672	20	0	2	3	32	2	224	1248
673	20	1	2	3	33	2	225	1249
674	20	2	2	3	34	2	226	1250
675	20	3	2	3	35	2	227	1251
676	20	4	2	3	36	2	228	1252
677	20	5	2	3	37	2	229	1253
678	20	6	2	3	38	2	230	1254
679	20	7	2	3	39	2	231	1255
680	20	8	2	3	40	2	232	1256
681	20	9	2	3	41	2	233	1257
682	20	10	2	3	42	2	234	1258
683	20	11	2	3	43	2	235	1259
684	20	12	2	3	44	2	236	1260
685	20	13	2	3	45	2	237	1261
686	20	14	2	3	46	2	238	1262
687	20	15	2	3	47	2	239	1263
688	20	16	2	3	48	2	240	1264
689	20	17	2	3	49	2	241	1265
690	20	18	2	3	50	2	242	1266
691	20	19	2	3	51	2	243	1267
692	20	20	2	3	52	2	244	1268
693	20	21	2	3	53	2	245	1269
694	20	22	2	3	54	2	246	1270
695	20	23	2	3	55	2	247	1271
696	20	24	2	3	56	2	248	1272
697	20	25	2	3	57	2	249	1273
698	20	26	2	3	58	2	250	1274
699	20	27	2	3	59	2	251	1275
700	20	28	2	3	60	2	252	1276
701	20	29	2	3	61	2	253	1277
702	20	30	2	3	62	2	254	1278
703	20	31	2	3	63	2	255	1279
704	21	0	2	4	0	2	256	1280
705	21	1	2	4	1	2	257	1281
706	21	2	2	4	2	2	258	1282
707	21	3	2	4	3	2	259	1283
708	21	4	2	4	4	2	260	1284
709	21	5	2	4	5	2	261	1285
710	21	6	2	4	6	2	262	1286
711	21	7	2	4	7	2	263	1287
712	21	8	2	4	8	2	264	1288
713	21	9	2	4	9	2	265	1289
714	21	10	2	4	10	2	266	1290
715	21	11	2	4	11	2	267	1291
716	21	12	2	4	12	2	268	1292
717	21	13	2	4	13	2	269	1293
718	21	14	2	4	14	2	270	1294
719	21	15	2	4	15	2	271	1295
720	21	16	2	4	16	2	272	1296
721	21	17	2	4	17	2	273	1297
722	21	18	2	4	18	2	274	1298
723	21	19	2	4	19	2	275	1299
724	21	20	2	4	20	2	276	1300
725	21	21	2	4	21	2	277	1301
726	21	22	2	4	22	2	278	1302
727	21	23	2	4	23	2	279	1303
728	21	24	2	4	24	2	280	1304
729	21	25	2	4	25	2	281	1305
730	21	26	2	4	26	2	282	1306
731	21	27	2	4	27	2	283	1307
732	21	28	2	4	28	2	284	1308
733	21	29	2	4	29	2	285	1309
734	21	30	2	4	30	2	286	1310
735	21	31	2	4	31	2	287	1311
736	23	0	2	4	32	2	288	1312
737	23	1	2	4	33	2	289	1313
738	23	2	2	4	34	2	290	1314
739	23	3	2	4	35	2	291	1315
740	23	4	2	4	36	2	292	1316
741	23	5	2	4	37	2	293	1317
742	23	6	2	4	38	2	294	1318
743	23	7	2	4	39	2	295	1319
744	23	8	2	4	40	2	296	1320
745	23	9	2	4	41	2	297	1321
746	23	10	2	4	42	2	298	1322
747	23	11	2	4	43	2	299	1323
748	23	12	2	4	44	2	300	1324
749	23	13	2	4	45	2	301	1325
750	23	14	2	4	46	2	302	1326
751	23	15	2	4	47	2	303	1327
752	23	16	2	4	48	2	304	1328
753	23	17	2	4	49	2	305	1329
754	23	18	2	4	50	2	306	1330
755	23	19	2	4	51	2	307	1331
756	23	20	2	4	52	2	308	1332
757	23	21	2	4	53	2	309	1333
758	23	22	2	4	54	2	310	1334
759	23	23	2	4	55	2	311	1335
760	23	24	2	4	56	2	312	1336
761	23	25	2	4	57	2	313	1337
762	23	26	2	4	58	2	314	1338
763	23	27	2	4	59	2	315	1339
764	23	28	2	4	60	2	316	1340
765	23	29	2	4	61	2	317	1341
766	23	30	2	4	62	2	318	1342
767	23	31	2	4	63	2	319	1343
768	22	0	2	5	0	0	128	128
769	22	1	2	5	1	0	129	129
770	22	2	2	5	2	0	130	130
771	22	3	2	5	3	0	131	131
772	22	4	2	5	4	0	132	132
773	22	5	2	5	5	0	133	133
774	22	6	2	5	6	0	134	134
775	22	7	2	5	7	0	135	135
776	22	8	2	5	8	0	136	136
777	22	9	2	5	9	0	137	137
778	22	10	2	5	10	0	138	138
779	22	11	2	5	11	0	139	139
780	22	12	2	5	12	0	140	140
781	22	13	2	5	13	0	141	141
782	22	14	2	5	14	0	142	142
783	22	15	2	5	15	0	143	143
784	22	16	2	5	16	0	144	144
785	22	17	2	5	17	0	145	145
786	22	18	2	5	18	0	146	146
787	22	19	2	5	19	0	147	147
788	22	20	2	5	20	0	148	148
789	22	21	2	5	21	0	149	149
790	22	22	2	5	22	0	150	150
791	22	23	2	5	23	0	151	151
792	22	24	2	5	24	0	152	152
793	22	25	2	5	25	0	153	153
794	22	26	2	5	26	0	154	154
795	22	27	2	5	27	0	155	155
796	22	28	2	5	28	0	156	156
797	22	29	2	5	29	0	157	157
798	22	30	2	5	30	0	158	158
799	22	31	2	5	31	0	159	159
800	26	0	2	5	32	0	160	160
801	26	1	2	5	33	0	161	161
802	26	2	2	5	34	0	162	162
803	26	3	2	5	35	0	163	163
804	26	4	2	5	36	0	164	164
805	26	5	2	5	37	0	165	165
806	26	6	2	5	38	0	166	166
807	26	7	2	5	39	0	167	167
808	26	8	2	5	40	0	168	168
809	26	9	2	5	41	0	169	169
810	26	10	2	5	42	0	170	170
811	26	11	2	5	43	0	171	171
812	26	12	2	5	44	0	172	172
813	26	13	2	5	45	0	173	173
814	26	14	2	5	46	0	174	174
815	26	15	2	5	47	0	175	175
816	26	16	2	5	48	0	176	176
817	26	17	2	5	49	0	177	177
818	26	18	2	5	50	0	178	178
819	26	19	2	5	51	0	179	179
820	26	20	2	5	52	0	180	180
821	26	21	2	5	53	0	181	181
822	26	22	2	5	54	0	182	182
823	26	23	2	5	55	0	183	183
824	26	24	2	5	56	0	184	184
825	26	25	2	5	57	0	185	185
826	26	26	2	5	58	0	186	186
827	26	27	2	5	59	0	187	187
828	26	28	2	5	60	0	188	188
829	26	29	2	5	61	0	189	189
830	26	30	2	5	62	0	190	190
831	26	31	2	5	63	0	191	191
832	24	0	2	6	0	2	320	1344
833	24	1	2	6	1	2	321	1345
834	24	2	2	6	2	2	322	1346
835	24	3	2	6	3	2	323	1347
836	24	4	2	6	4	2	324	1348
837	24	5	2	6	5	2	325	1349
838	24	6	2	6	6	2	326	1350
839	24	7	2	6	7	2	327	1351
840	24	8	2	6	8	2	328	1352
841	24	9	2	6	9	2	329	1353
842	24	10	2	6	10	2	330	1354
843	24	11	2	6	11	2	331	1355
844	24	12	2	6	12	2	332	1356
845	24	13	2	6	13	2	333	1357
846	24	14	2	6	14	2	334	1358
847	24	15	2	6	15	2	335	1359
848	24	16	2	6	16	2	336	1360
849	24	17	2	6	17	2	337	1361
850	24	18	2	6	18	2	338	1362
851	24	19	2	6	19	2	339	1363
852	24	20	2	6	20	2	340	1364
853	24	21	2	6	21	2	341	1365
854	24	22	2	6	22	2	342	1366
855	24	23	2	6	23	2	343	1367
856	24	24	2	6	24	2	344	1368
857	24	25	2	6	25	2	345	1369
858	24	26	2	6	26	2	346	1370
859	24	27	2	6	27	2	347	1371
860	24	28	2	6	28	2	348	1372
861	24	29	2	6	29	2	349	1373
862	24	30	2	6	30	2	350	1374
863	24	31	2	6	31	2	351	1375
864	25	0	2	6	32	2	352	1376
865	25	1	2	6	33	2	353	1377
866	25	2	2	6	34	2	354	1378
867	25	3	2	6	35	2	355	1379
868	25	4	2	6	36	2	356	1380
869	25	5	2	6	37	2	357	1381
870	25	6	2	6	38	2	358	1382
871	25	7	2	6	39	2	359	1383
872	25	8	2	6	40	2	360	1384
873	25	9	2	6	41	2	361	1385
874	25	10	2	6	42	2	362	1386
875	25	11	2	6	43	2	363	1387
876	25	12	2	6	44	2	364	1388
877	25	13	2	6	45	2	365	1389
878	25	14	2	6	46	2	366	1390
879	25	15	2	6	47	2	367	1391
880	25	16	2	6	48	2	368	1392
881	25	17	2	6	49	2	369	1393
882	25	18	2	6	50	2	370	1394
883	25	19	2	6	51	2	371	1395
884	25	20	2	6	52	2	372	1396
885	25	21	2	6	53	2	373	1397
886	25	22	2	6	54	2	374	1398
887	25	23	2	6	55	2	375	1399
888	25	24	2	6	56	2	376	1400
889	25	25	2	6	57	2	377	1401
890	25	26	2	6	58	2	378	1402
891	25	27	2	6	59	2	379	1403
892	25	28	2	6	60	2	380	1404
893	25	29	2	6	61	2	381	1405
894	25	30	2	6	62	2	382	1406
895	25	31	2	6	63	2	383	1407
896	27	0	2	7	0	2	384	1408
897	27	1	2	7	1	2	385	1409
898	27	2	2	7	2	2	386	1410
899	27	3	2	7	3	2	387	1411
900	27	4	2	7	4	2	388	1412
901	27	5	2	7	5	2	389	1413
902	27	6	2	7	6	2	390	1414
903	27	7	2	7	7	2	391	1415
904	27	8	2	7	8	2	392	1416
905	27	9	2	7	9	2	393	1417
906	27	10	2	7	10	2	394	1418
907	27	11	2	7	11	2	395	1419
908	27	12	2	7	12	2	396	1420
909	27	13	2	7	13	2	397	1421
910	27	14	2	7	14	2	398	1422
911	27	15	2	7	15	2	399	1423
912	27	16	2	7	16	2	400	1424
913	27	17	2	7	17	2	401	1425
914	27	18	2	7	18	2	402	1426
915	27	19	2	7	19	2	403	1427
916	27	20	2	7	20	2	404	1428
917	27	21	2	7	21	2	405	1429
918	27	22	2	7	22	2	406	1430
919	27	23	2	7	23	2	407	1431
920	27	24	2	7	24	2	408	1432
921	27	25	2	7	25	2	409	1433
922	27	26	2	7	26	2	410	1434
923	27	27	2	7	27	2	411	1435
924	27	28	2	7	28	2	412	1436
925	27	29	2	7	29	2	413	1437
926	27	30	2	7	30	2	414	1438
927	27	31	2	7	31	2	415	1439
928	28	0	2	7	32	2	416	1440
929	28	1	2	7	33	2	417	1441
930	28	2	2	7	34	2	418	1442
931	28	3	2	7	35	2	419	1443
932	28	4	2	7	36	2	420	1444
933	28	5	2	7	37	2	421	1445
934	28	6	2	7	38	2	422	1446
935	28	7	2	7	39	2	423	1447
936	28	8	2	7	40	2	424	1448
937	28	9	2	7	41	2	425	1449
938	28	10	2	7	42	2	426	1450
939	28	11	2	7	43	2	427	1451
940	28	12	2	7	44	2	428	1452
941	28	13	2	7	45	2	429	1453
942	28	14	2	7	46	2	430	1454
943	28	15	2	7	47	2	431	1455
944	28	16	2	7	48	2	432	1456
945	28	17	2	7	49	2	433	1457
946	28	18	2	7	50	2	434	1458
947	28	19	2	7	51	2	435	1459
948	28	20	2	7	52	2	436	1460
949	28	21	2	7	53	2	437	1461
950	28	22	2	7	54	2	438	1462
951	28	23	2	7	55	2	439	1463
952	28	24	2	7	56	2	440	1464
953	28	25	2	7	57	2	441	1465
954	28	26	2	7	58	2	442	1466
955	28	27	2	7	59	2	443	1467
956	28	28	2	7	60	2	444	1468
957	28	29	2	7	61	2	445	1469
958	28	30	2	7	62	2	446	1470
959	28	31	2	7	63	2	447	1471
960	29	0	2	8	0	0	192	192
961	29	1	2	8	1	0	193	193
962	29	2	2	8	2	0	194	194
963	29	3	2	8	3	0	195	195
964	29	4	2	8	4	0	196	196
965	29	5	2	8	5	0	197	197
966	29	6	2	8	6	0	198	198
967	29	7	2	8	7	0	199	199
968	29	8	2	8	8	0	200	200
969	29	9	2	8	9	0	201	201
970	29	10	2	8	10	0	202	202
971	29	11	2	8	11	0	203	203
972	29	12	2	8	12	0	204	204
973	29	13	2	8	13	0	205	205
974	29	14	2	8	14	0	206	206
975	29	15	2	8	15	0	207	207
976	29	16	2	8	16	0	208	208
977	29	17	2	8	17	0	209	209
978	29	18	2	8	18	0	210	210
979	29	19	2	8	19	0	211	211
980	29	20	2	8	20	0	212	212
981	29	21	2	8	21	0	213	213
982	29	22	2	8	22	0	214	214
983	29	23	2	8	23	0	215	215
984	29	24	2	8	24	0	216	216
985	29	25	2	8	25	0	217	217
986	29	26	2	8	26	0	218	218
987	29	27	2	8	27	0	219	219
988	29	28	2	8	28	0	220	220
989	29	29	2	8	29	0	221	221
990	29	30	2	8	30	0	222	222
991	29	31	2	8	31	0	223	223
992	33	0	2	8	32	0	224	224
993	33	1	2	8	33	0	225	225
994	33	2	2	8	34	0	226	226
995	33	3	2	8	35	0	227	227
996	33	4	2	8	36	0	228	228
997	33	5	2	8	37	0	229	229
998	33	6	2	8	38	0	230	230
999	33	7	2	8	39	0	231	231
1000	33	8	2	8	40	0	232	232
1001	33	9	2	8	41	0	233	233
1002	33	10	2	8	42	0	234	234
1003	33	11	2	8	43	0	235	235
1004	33	12	2	8	44	0	236	236
1005	33	13	2	8	45	0	237	237
1006	33	14	2	8	46	0	238	238
1007	33	15	2	8	47	0	239	239
1008	33	16	2	8	48	0	240	240
1009	33	17	2	8	49	0	241	241
1010	33	18	2	8	50	0	242	242
1011	33	19	2	8	51	0	243	243
1012	33	20	2	8	52	0	244	244
1013	33	21	2	8	53	0	245	245
1014	33	22	2	8	54	0	246	246
1015	33	23	2	8	55	0	247	247
1016	33	24	2	8	56	0	248	248
1017	33	25	2	8	57	0	249	249
1018	33	26	2	8	58	0	250	250
1019	33	27	2	8	59	0	251	251
1020	33	28	2	8	60	0	252	252
1021	33	29	2	8	61	0	253	253
1022	33	30	2	8	62	0	254	254
1023	33	31	2	8	63	0	255	255
1024	30	0	2	9	0	2	448	1472
1025	30	1	2	9	1	2	449	1473
1026	30	2	2	9	2	2	450	1474
1027	30	3	2	9	3	2	451	1475
1028	30	4	2	9	4	2	452	1476
1029	30	5	2	9	5	2	453	1477
1030	30	6	2	9	6	2	454	1478
1031	30	7	2	9	7	2	455	1479
1032	30	8	2	9	8	2	456	1480
1033	30	9	2	9	9	2	457	1481
1034	30	10	2	9	10	2	458	1482
1035	30	11	2	9	11	2	459	1483
1036	30	12	2	9	12	2	460	1484
1037	30	13	2	9	13	2	461	1485
1038	30	14	2	9	14	2	462	1486
1039	30	15	2	9	15	2	463	1487
1040	30	16	2	9	16	2	464	1488
1041	30	17	2	9	17	2	465	1489
1042	30	18	2	9	18	2	466	1490
1043	30	19	2	9	19	2	467	1491
1044	30	20	2	9	20	2	468	1492
1045	30	21	2	9	21	2	469	1493
1046	30	22	2	9	22	2	470	1494
1047	30	23	2	9	23	2	471	1495
1048	30	24	2	9	24	2	472	1496
1049	30	25	2	9	25	2	473	1497
1050	30	26	2	9	26	2	474	1498
1051	30	27	2	9	27	2	475	1499
1052	30	28	2	9	28	2	476	1500
1053	30	29	2	9	29	2	477	1501
1054	30	30	2	9	30	2	478	1502
1055	30	31	2	9	31	2	479	1503
1056	31	0	2	9	32	2	480	1504
1057	31	1	2	9	33	2	481	1505
1058	31	2	2	9	34	2	482	1506
1059	31	3	2	9	35	2	483	1507
1060	31	4	2	9	36	2	484	1508
1061	31	5	2	9	37	2	485	1509
1062	31	6	2	9	38	2	486	1510
1063	31	7	2	9	39	2	487	1511
1064	31	8	2	9	40	2	488	1512
1065	31	9	2	9	41	2	489	1513
1066	31	10	2	9	42	2	490	1514
1067	31	11	2	9	43	2	491	1515
1068	31	12	2	9	44	2	492	1516
1069	31	13	2	9	45	2	493	1517
1070	31	14	2	9	46	2	494	1518
1071	31	15	2	9	47	2	495	1519
1072	31	16	2	9	48	2	496	1520
1073	31	17	2	9	49	2	497	1521
1074	31	18	2	9	50	2	498	1522
1075	31	19	2	9	51	2	499	1523
1076	31	20	2	9	52	2	500	1524
1077	31	21	2	9	53	2	501	1525
1078	31	22	2	9	54	2	502	1526
1079	31	23	2	9	55	2	503	1527
1080	31	24	2	9	56	2	504	1528
1081	31	25	2	9	57	2	505	1529
1082	31	26	2	9	58	2	506	1530
1083	31	27	2	9	59	2	507	1531
1084	31	28	2	9	60	2	508	1532
1085	31	29	2	9	61	2	509	1533
1086	31	30	2	9	62	2	510	1534
1087	31	31	2	9	63	2	511	1535
1088	32	0	2	10	0	2	512	1536
1089	32	1	2	10	1	2	513	1537
1090	32	2	2	10	2	2	514	1538
1091	32	3	2	10	3	2	515	1539
1092	32	4	2	10	4	2	516	1540
1093	32	5	2	10	5	2	517	1541
1094	32	6	2	10	6	2	518	1542
1095	32	7	2	10	7	2	519	1543
1096	32	8	2	10	8	2	520	1544
1097	32	9	2	10	9	2	521	1545
1098	32	10	2	10	10	2	522	1546
1099	32	11	2	10	11	2	523	1547
1100	32	12	2	10	12	2	524	1548
1101	32	13	2	10	13	2	525	1549
1102	32	14	2	10	14	2	526	1550
1103	32	15	2	10	15	2	527	1551
1104	32	16	2	10	16	2	528	1552
1105	32	17	2	10	17	2	529	1553
1106	32	18	2	10	18	2	530	1554
1107	32	19	2	10	19	2	531	1555
1108	32	20	2	10	20	2	532	1556
1109	32	21	2	10	21	2	533	1557
1110	32	22	2	10	22	2	534	1558
1111	32	23	2	10	23	2	535	1559
1112	32	24	2	10	24	2	536	1560
1113	32	25	2	10	25	2	537	1561
1114	32	26	2	10	26	2	538	1562
1115	32	27	2	10	27	2	539	1563
1116	32	28	2	10	28	2	540	1564
1117	32	29	2	10	29	2	541	1565
1118	32	30	2	10	30	2	542	1566
1119	32	31	2	10	31	2	543	1567
1120	34	0	2	10	32	2	544	1568
1121	34	1	2	10	33	2	545	1569
1122	34	2	2	10	34	2	546	1570
1123	34	3	2	10	35	2	547	1571
1124	34	4	2	10	36	2	548	1572
1125	34	5	2	10	37	2	549	1573
1126	34	6	2	10	38	2	550	1574
1127	34	7	2	10	39	2	551	1575
1128	34	8	2	10	40	2	552	1576
1129	34	9	2	10	41	2	553	1577
1130	34	10	2	10	42	2	554	1578
1131	34	11	2	10	43	2	555	1579
1132	34	12	2	10	44	2	556	1580
1133	34	13	2	10	45	2	557	1581
1134	34	14	2	10	46	2	558	1582
1135	34	15	2	10	47	2	559	1583
1136	34	16	2	10	48	2	560	1584
1137	34	17	2	10	49	2	561	1585
1138	34	18	2	10	50	2	562	1586
1139	34	19	2	10	51	2	563	1587
1140	34	20	2	10	52	2	564	1588
1141	34	21	2	10	53	2	565	1589
1142	34	22	2	10	54	2	566	1590
1143	34	23	2	10	55	2	567	1591
1144	34	24	2	10	56	2	568	1592
1145	34	25	2	10	57	2	569	1593
1146	34	26	2	10	58	2	570	1594
1147	34	27	2	10	59	2	571	1595
1148	34	28	2	10	60	2	572	1596
1149	34	29	2	10	61	2	573	1597
1150	34	30	2	10	62	2	574	1598
1151	34	31	2	10	63	2	575	1599
1152	1	0	3	1	0	1	320	704
1153	1	1	3	1	1	1	321	705
1154	1	2	3	1	2	1	322	706
1155	1	3	3	1	3	1	323	707
1156	1	4	3	1	4	1	324	708
1157	1	5	3	1	5	1	325	709
1158	1	6	3	1	6	1	326	710
1159	1	7	3	1	7	1	327	711
1160	1	8	3	1	8	1	328	712
1161	1	9	3	1	9	1	329	713
1162	1	10	3	1	10	1	330	714
1163	1	11	3	1	11	1	331	715
1164	1	12	3	1	12	1	332	716
1165	1	13	3	1	13	1	333	717
1166	1	14	3	1	14	1	334	718
1167	1	15	3	1	15	1	335	719
1168	1	16	3	1	16	1	336	720
1169	1	17	3	1	17	1	337	721
1170	1	18	3	1	18	1	338	722
1171	1	19	3	1	19	1	339	723
1172	1	20	3	1	20	1	340	724
1173	1	21	3	1	21	1	341	725
1174	1	22	3	1	22	1	342	726
1175	1	23	3	1	23	1	343	727
1176	1	24	3	1	24	1	344	728
1177	1	25	3	1	25	1	345	729
1178	1	26	3	1	26	1	346	730
1179	1	27	3	1	27	1	347	731
1180	1	28	3	1	28	1	348	732
1181	1	29	3	1	29	1	349	733
1182	1	30	3	1	30	1	350	734
1183	1	31	3	1	31	1	351	735
1184	3	0	3	1	32	1	352	736
1185	3	1	3	1	33	1	353	737
1186	3	2	3	1	34	1	354	738
1187	3	3	3	1	35	1	355	739
1188	3	4	3	1	36	1	356	740
1189	3	5	3	1	37	1	357	741
1190	3	6	3	1	38	1	358	742
1191	3	7	3	1	39	1	359	743
1192	3	8	3	1	40	1	360	744
1193	3	9	3	1	41	1	361	745
1194	3	10	3	1	42	1	362	746
1195	3	11	3	1	43	1	363	747
1196	3	12	3	1	44	1	364	748
1197	3	13	3	1	45	1	365	749
1198	3	14	3	1	46	1	366	750
1199	3	15	3	1	47	1	367	751
1200	3	16	3	1	48	1	368	752
1201	3	17	3	1	49	1	369	753
1202	3	18	3	1	50	1	370	754
1203	3	19	3	1	51	1	371	755
1204	3	20	3	1	52	1	372	756
1205	3	21	3	1	53	1	373	757
1206	3	22	3	1	54	1	374	758
1207	3	23	3	1	55	1	375	759
1208	3	24	3	1	56	1	376	760
1209	3	25	3	1	57	1	377	761
1210	3	26	3	1	58	1	378	762
1211	3	27	3	1	59	1	379	763
1212	3	28	3	1	60	1	380	764
1213	3	29	3	1	61	1	381	765
1214	3	30	3	1	62	1	382	766
1215	3	31	3	1	63	1	383	767
1216	2	0	3	2	0	0	256	256
1217	2	1	3	2	1	0	257	257
1218	2	2	3	2	2	0	258	258
1219	2	3	3	2	3	0	259	259
1220	2	4	3	2	4	0	260	260
1221	2	5	3	2	5	0	261	261
1222	2	6	3	2	6	0	262	262
1223	2	7	3	2	7	0	263	263
1224	2	8	3	2	8	0	264	264
1225	2	9	3	2	9	0	265	265
1226	2	10	3	2	10	0	266	266
1227	2	11	3	2	11	0	267	267
1228	2	12	3	2	12	0	268	268
1229	2	13	3	2	13	0	269	269
1230	2	14	3	2	14	0	270	270
1231	2	15	3	2	15	0	271	271
1232	2	16	3	2	16	0	272	272
1233	2	17	3	2	17	0	273	273
1234	2	18	3	2	18	0	274	274
1235	2	19	3	2	19	0	275	275
1236	2	20	3	2	20	0	276	276
1237	2	21	3	2	21	0	277	277
1238	2	22	3	2	22	0	278	278
1239	2	23	3	2	23	0	279	279
1240	2	24	3	2	24	0	280	280
1241	2	25	3	2	25	0	281	281
1242	2	26	3	2	26	0	282	282
1243	2	27	3	2	27	0	283	283
1244	2	28	3	2	28	0	284	284
1245	2	29	3	2	29	0	285	285
1246	2	30	3	2	30	0	286	286
1247	2	31	3	2	31	0	287	287
1248	6	0	3	2	32	0	288	288
1249	6	1	3	2	33	0	289	289
1250	6	2	3	2	34	0	290	290
1251	6	3	3	2	35	0	291	291
1252	6	4	3	2	36	0	292	292
1253	6	5	3	2	37	0	293	293
1254	6	6	3	2	38	0	294	294
1255	6	7	3	2	39	0	295	295
1256	6	8	3	2	40	0	296	296
1257	6	9	3	2	41	0	297	297
1258	6	10	3	2	42	0	298	298
1259	6	11	3	2	43	0	299	299
1260	6	12	3	2	44	0	300	300
1261	6	13	3	2	45	0	301	301
1262	6	14	3	2	46	0	302	302
1263	6	15	3	2	47	0	303	303
1264	6	16	3	2	48	0	304	304
1265	6	17	3	2	49	0	305	305
1266	6	18	3	2	50	0	306	306
1267	6	19	3	2	51	0	307	307
1268	6	20	3	2	52	0	308	308
1269	6	21	3	2	53	0	309	309
1270	6	22	3	2	54	0	310	310
1271	6	23	3	2	55	0	311	311
1272	6	24	3	2	56	0	312	312
1273	6	25	3	2	57	0	313	313
1274	6	26	3	2	58	0	314	314
1275	6	27	3	2	59	0	315	315
1276	6	28	3	2	60	0	316	316
1277	6	29	3	2	61	0	317	317
1278	6	30	3	2	62	0	318	318
1279	6	31	3	2	63	0	319	319
1280	4	0	3	3	0	1	384	768
1281	4	1	3	3	1	1	385	769
1282	4	2	3	3	2	1	386	770
1283	4	3	3	3	3	1	387	771
1284	4	4	3	3	4	1	388	772
1285	4	5	3	3	5	1	389	773
1286	4	6	3	3	6	1	390	774
1287	4	7	3	3	7	1	391	775
1288	4	8	3	3	8	1	392	776
1289	4	9	3	3	9	1	393	777
1290	4	10	3	3	10	1	394	778
1291	4	11	3	3	11	1	395	779
1292	4	12	3	3	12	1	396	780
1293	4	13	3	3	13	1	397	781
1294	4	14	3	3	14	1	398	782
1295	4	15	3	3	15	1	399	783
1296	4	16	3	3	16	1	400	784
1297	4	17	3	3	17	1	401	785
1298	4	18	3	3	18	1	402	786
1299	4	19	3	3	19	1	403	787
1300	4	20	3	3	20	1	404	788
1301	4	21	3	3	21	1	405	789
1302	4	22	3	3	22	1	406	790
1303	4	23	3	3	23	1	407	791
1304	4	24	3	3	24	1	408	792
1305	4	25	3	3	25	1	409	793
1306	4	26	3	3	26	1	410	794
1307	4	27	3	3	27	1	411	795
1308	4	28	3	3	28	1	412	796
1309	4	29	3	3	29	1	413	797
1310	4	30	3	3	30	1	414	798
1311	4	31	3	3	31	1	415	799
1312	5	0	3	3	32	1	416	800
1313	5	1	3	3	33	1	417	801
1314	5	2	3	3	34	1	418	802
1315	5	3	3	3	35	1	419	803
1316	5	4	3	3	36	1	420	804
1317	5	5	3	3	37	1	421	805
1318	5	6	3	3	38	1	422	806
1319	5	7	3	3	39	1	423	807
1320	5	8	3	3	40	1	424	808
1321	5	9	3	3	41	1	425	809
1322	5	10	3	3	42	1	426	810
1323	5	11	3	3	43	1	427	811
1324	5	12	3	3	44	1	428	812
1325	5	13	3	3	45	1	429	813
1326	5	14	3	3	46	1	430	814
1327	5	15	3	3	47	1	431	815
1328	5	16	3	3	48	1	432	816
1329	5	17	3	3	49	1	433	817
1330	5	18	3	3	50	1	434	818
1331	5	19	3	3	51	1	435	819
1332	5	20	3	3	52	1	436	820
1333	5	21	3	3	53	1	437	821
1334	5	22	3	3	54	1	438	822
1335	5	23	3	3	55	1	439	823
1336	5	24	3	3	56	1	440	824
1337	5	25	3	3	57	1	441	825
1338	5	26	3	3	58	1	442	826
1339	5	27	3	3	59	1	443	827
1340	5	28	3	3	60	1	444	828
1341	5	29	3	3	61	1	445	829
1342	5	30	3	3	62	1	446	830
1343	5	31	3	3	63	1	447	831
1344	7	0	3	4	0	1	448	832
1345	7	1	3	4	1	1	449	833
1346	7	2	3	4	2	1	450	834
1347	7	3	3	4	3	1	451	835
1348	7	4	3	4	4	1	452	836
1349	7	5	3	4	5	1	453	837
1350	7	6	3	4	6	1	454	838
1351	7	7	3	4	7	1	455	839
1352	7	8	3	4	8	1	456	840
1353	7	9	3	4	9	1	457	841
1354	7	10	3	4	10	1	458	842
1355	7	11	3	4	11	1	459	843
1356	7	12	3	4	12	1	460	844
1357	7	13	3	4	13	1	461	845
1358	7	14	3	4	14	1	462	846
1359	7	15	3	4	15	1	463	847
1360	7	16	3	4	16	1	464	848
1361	7	17	3	4	17	1	465	849
1362	7	18	3	4	18	1	466	850
1363	7	19	3	4	19	1	467	851
1364	7	20	3	4	20	1	468	852
1365	7	21	3	4	21	1	469	853
1366	7	22	3	4	22	1	470	854
1367	7	23	3	4	23	1	471	855
1368	7	24	3	4	24	1	472	856
1369	7	25	3	4	25	1	473	857
1370	7	26	3	4	26	1	474	858
1371	7	27	3	4	27	1	475	859
1372	7	28	3	4	28	1	476	860
1373	7	29	3	4	29	1	477	861
1374	7	30	3	4	30	1	478	862
1375	7	31	3	4	31	1	479	863
1376	8	0	3	4	32	1	480	864
1377	8	1	3	4	33	1	481	865
1378	8	2	3	4	34	1	482	866
1379	8	3	3	4	35	1	483	867
1380	8	4	3	4	36	1	484	868
1381	8	5	3	4	37	1	485	869
1382	8	6	3	4	38	1	486	870
1383	8	7	3	4	39	1	487	871
1384	8	8	3	4	40	1	488	872
1385	8	9	3	4	41	1	489	873
1386	8	10	3	4	42	1	490	874
1387	8	11	3	4	43	1	491	875
1388	8	12	3	4	44	1	492	876
1389	8	13	3	4	45	1	493	877
1390	8	14	3	4	46	1	494	878
1391	8	15	3	4	47	1	495	879
1392	8	16	3	4	48	1	496	880
1393	8	17	3	4	49	1	497	881
1394	8	18	3	4	50	1	498	882
1395	8	19	3	4	51	1	499	883
1396	8	20	3	4	52	1	500	884
1397	8	21	3	4	53	1	501	885
1398	8	22	3	4	54	1	502	886
1399	8	23	3	4	55	1	503	887
1400	8	24	3	4	56	1	504	888
1401	8	25	3	4	57	1	505	889
1402	8	26	3	4	58	1	506	890
1403	8	27	3	4	59	1	507	891
1404	8	28	3	4	60	1	508	892
1405	8	29	3	4	61	1	509	893
1406	8	30	3	4	62	1	510	894
1407	8	31	3	4	63	1	511	895
1408	9	0	3	5	0	0	320	320
1409	9	1	3	5	1	0	321	321
1410	9	2	3	5	2	0	322	322
1411	9	3	3	5	3	0	323	323
1412	9	4	3	5	4	0	324	324
1413	9	5	3	5	5	0	325	325
1414	9	6	3	5	6	0	326	326
1415	9	7	3	5	7	0	327	327
1416	9	8	3	5	8	0	328	328
1417	9	9	3	5	9	0	329	329
1418	9	10	3	5	10	0	330	330
1419	9	11	3	5	11	0	331	331
1420	9	12	3	5	12	0	332	332
1421	9	13	3	5	13	0	333	333
1422	9	14	3	5	14	0	334	334
1423	9	15	3	5	15	0	335	335
1424	9	16	3	5	16	0	336	336
1425	9	17	3	5	17	0	337	337
1426	9	18	3	5	18	0	338	338
1427	9	19	3	5	19	0	339	339
1428	9	20	3	5	20	0	340	340
1429	9	21	3	5	21	0	341	341
1430	9	22	3	5	22	0	342	342
1431	9	23	3	5	23	0	343	343
1432	9	24	3	5	24	0	344	344
1433	9	25	3	5	25	0	345	345
1434	9	26	3	5	26	0	346	346
1435	9	27	3	5	27	0	347	347
1436	9	28	3	5	28	0	348	348
1437	9	29	3	5	29	0	349	349
1438	9	30	3	5	30	0	350	350
1439	9	31	3	5	31	0	351	351
1440	13	0	3	5	32	0	352	352
1441	13	1	3	5	33	0	353	353
1442	13	2	3	5	34	0	354	354
1443	13	3	3	5	35	0	355	355
1444	13	4	3	5	36	0	356	356
1445	13	5	3	5	37	0	357	357
1446	13	6	3	5	38	0	358	358
1447	13	7	3	5	39	0	359	359
1448	13	8	3	5	40	0	360	360
1449	13	9	3	5	41	0	361	361
1450	13	10	3	5	42	0	362	362
1451	13	11	3	5	43	0	363	363
1452	13	12	3	5	44	0	364	364
1453	13	13	3	5	45	0	365	365
1454	13	14	3	5	46	0	366	366
1455	13	15	3	5	47	0	367	367
1456	13	16	3	5	48	0	368	368
1457	13	17	3	5	49	0	369	369
1458	13	18	3	5	50	0	370	370
1459	13	19	3	5	51	0	371	371
1460	13	20	3	5	52	0	372	372
1461	13	21	3	5	53	0	373	373
1462	13	22	3	5	54	0	374	374
1463	13	23	3	5	55	0	375	375
1464	13	24	3	5	56	0	376	376
1465	13	25	3	5	57	0	377	377
1466	13	26	3	5	58	0	378	378
1467	13	27	3	5	59	0	379	379
1468	13	28	3	5	60	0	380	380
1469	13	29	3	5	61	0	381	381
1470	13	30	3	5	62	0	382	382
1471	13	31	3	5	63	0	383	383
1472	10	0	3	6	0	1	512	896
1473	10	1	3	6	1	1	513	897
1474	10	2	3	6	2	1	514	898
1475	10	3	3	6	3	1	515	899
1476	10	4	3	6	4	1	516	900
1477	10	5	3	6	5	1	517	901
1478	10	6	3	6	6	1	518	902
1479	10	7	3	6	7	1	519	903
1480	10	8	3	6	8	1	520	904
1481	10	9	3	6	9	1	521	905
1482	10	10	3	6	10	1	522	906
1483	10	11	3	6	11	1	523	907
1484	10	12	3	6	12	1	524	908
1485	10	13	3	6	13	1	525	909
1486	10	14	3	6	14	1	526	910
1487	10	15	3	6	15	1	527	911
1488	10	16	3	6	16	1	528	912
1489	10	17	3	6	17	1	529	913
1490	10	18	3	6	18	1	530	914
1491	10	19	3	6	19	1	531	915
1492	10	20	3	6	20	1	532	916
1493	10	21	3	6	21	1	533	917
1494	10	22	3	6	22	1	534	918
1495	10	23	3	6	23	1	535	919
1496	10	24	3	6	24	1	536	920
1497	10	25	3	6	25	1	537	921
1498	10	26	3	6	26	1	538	922
1499	10	27	3	6	27	1	539	923
1500	10	28	3	6	28	1	540	924
1501	10	29	3	6	29	1	541	925
1502	10	30	3	6	30	1	542	926
1503	10	31	3	6	31	1	543	927
1504	11	0	3	6	32	1	544	928
1505	11	1	3	6	33	1	545	929
1506	11	2	3	6	34	1	546	930
1507	11	3	3	6	35	1	547	931
1508	11	4	3	6	36	1	548	932
1509	11	5	3	6	37	1	549	933
1510	11	6	3	6	38	1	550	934
1511	11	7	3	6	39	1	551	935
1512	11	8	3	6	40	1	552	936
1513	11	9	3	6	41	1	553	937
1514	11	10	3	6	42	1	554	938
1515	11	11	3	6	43	1	555	939
1516	11	12	3	6	44	1	556	940
1517	11	13	3	6	45	1	557	941
1518	11	14	3	6	46	1	558	942
1519	11	15	3	6	47	1	559	943
1520	11	16	3	6	48	1	560	944
1521	11	17	3	6	49	1	561	945
1522	11	18	3	6	50	1	562	946
1523	11	19	3	6	51	1	563	947
1524	11	20	3	6	52	1	564	948
1525	11	21	3	6	53	1	565	949
1526	11	22	3	6	54	1	566	950
1527	11	23	3	6	55	1	567	951
1528	11	24	3	6	56	1	568	952
1529	11	25	3	6	57	1	569	953
1530	11	26	3	6	58	1	570	954
1531	11	27	3	6	59	1	571	955
1532	11	28	3	6	60	1	572	956
1533	11	29	3	6	61	1	573	957
1534	11	30	3	6	62	1	574	958
1535	11	31	3	6	63	1	575	959
1536	12	0	3	7	0	1	576	960
1537	12	1	3	7	1	1	577	961
1538	12	2	3	7	2	1	578	962
1539	12	3	3	7	3	1	579	963
1540	12	4	3	7	4	1	580	964
1541	12	5	3	7	5	1	581	965
1542	12	6	3	7	6	1	582	966
1543	12	7	3	7	7	1	583	967
1544	12	8	3	7	8	1	584	968
1545	12	9	3	7	9	1	585	969
1546	12	10	3	7	10	1	586	970
1547	12	11	3	7	11	1	587	971
1548	12	12	3	7	12	1	588	972
1549	12	13	3	7	13	1	589	973
1550	12	14	3	7	14	1	590	974
1551	12	15	3	7	15	1	591	975
1552	12	16	3	7	16	1	592	976
1553	12	17	3	7	17	1	593	977
1554	12	18	3	7	18	1	594	978
1555	12	19	3	7	19	1	595	979
1556	12	20	3	7	20	1	596	980
1557	12	21	3	7	21	1	597	981
1558	12	22	3	7	22	1	598	982
1559	12	23	3	7	23	1	599	983
1560	12	24	3	7	24	1	600	984
1561	12	25	3	7	25	1	601	985
1562	12	26	3	7	26	1	602	986
1563	12	27	3	7	27	1	603	987
1564	12	28	3	7	28	1	604	988
1565	12	29	3	7	29	1	605	989
1566	12	30	3	7	30	1	606	990
1567	12	31	3	7	31	1	607	991
1568	14	0	3	7	32	1	608	992
1569	14	1	3	7	33	1	609	993
1570	14	2	3	7	34	1	610	994
1571	14	3	3	7	35	1	611	995
1572	14	4	3	7	36	1	612	996
1573	14	5	3	7	37	1	613	997
1574	14	6	3	7	38	1	614	998
1575	14	7	3	7	39	1	615	999
1576	14	8	3	7	40	1	616	1000
1577	14	9	3	7	41	1	617	1001
1578	14	10	3	7	42	1	618	1002
1579	14	11	3	7	43	1	619	1003
1580	14	12	3	7	44	1	620	1004
1581	14	13	3	7	45	1	621	1005
1582	14	14	3	7	46	1	622	1006
1583	14	15	3	7	47	1	623	1007
1584	14	16	3	7	48	1	624	1008
1585	14	17	3	7	49	1	625	1009
1586	14	18	3	7	50	1	626	1010
1587	14	19	3	7	51	1	627	1011
1588	14	20	3	7	52	1	628	1012
1589	14	21	3	7	53	1	629	1013
1590	14	22	3	7	54	1	630	1014
1591	14	23	3	7	55	1	631	1015
1592	14	24	3	7	56	1	632	1016
1593	14	25	3	7	57	1	633	1017
1594	14	26	3	7	58	1	634	1018
1595	14	27	3	7	59	1	635	1019
1596	14	28	3	7	60	1	636	1020
1597	14	29	3	7	61	1	637	1021
1598	14	30	3	7	62	1	638	1022
1599	14	31	3	7	63	1	639	1023
-1	-1	-1	3	-1	-1	1	-1	-1
-1	-1	-1	3	-1	-1	1	-1	-1
-1	-1	-1	3	-1	-1	1	-1	-1
-1	-1	-1	3	-1	-1	1	-1	-1
-1	-1	-1	3	-1	-1	1	-1	-1
-1	-1	-1	3	-1	-1	1	-1	-1
-1	-1	-1	3	-1	-1	1	-1	-1
-1	-1	-1	3	-1	-1	1	-1	-1
-1	-1	-1	3	-1	-1	1	-1	-1
-1	-1	-1	3	-1	-1	1	-1	-1
-1	-1	-1	3	-1	-1	1	-1	-1
-1	-1	-1	3	-1	-1	1	-1	-1
-1	-1	-1	3	-1	-1	1	-1	-1
-1	-1	-1	3	-1	-1	1	-1	-1
-1	-1	-1	3	-1	-1	1	-1	-1
-1	-1	-1	3	-1	-1	1	-1	-1
-1	-1	-1	3	-1	-1	1	-1	-1
-1	-1	-1	3	-1	-1	1	-1	-1
-1	-1	-1	3	-1	-1	1	-1	-1
-1	-1	-1	3	-1	-1	1	-1	-1
-1	-1	-1	3	-1	-1	1	-1	-1
-1	-1	-1	3	-1	-1	1	-1	-1
-1	-1	-1	3	-1	-1	1	-1	-1
-1	-1	-1	3	-1	-1	1	-1	-1
-1	-1	-1	3	-1	-1	1	-1	-1
-1	-1	-1	3	-1	-1	1	-1	-1
-1	-1	-1	3	-1	-1	1	-1	-1
-1	-1	-1	3	-1	-1	1	-1	-1
-1	-1	-1	3	-1	-1	1	-1	-1
-1	-1	-1	3	-1	-1	1	-1	-1
-1	-1	-1	3	-1	-1	1	-1	-1
-1	-1	-1	3	-1	-1	1	-1	-1
-1	-1	-1	3	-1	-1	1	-1	-1
-1	-1	-1	3	-1	-1	1	-1	-1
-1	-1	-1	3	-1	-1	1	-1	-1
-1	-1	-1	3	-1	-1	1	-1	-1
-1	-1	-1	3	-1	-1	1	-1	-1
-1	-1	-1	3	-1	-1	1	-1	-1
-1	-1	-1	3	-1	-1	1	-1	-1
-1	-1	-1	3	-1	-1	1	-1	-1
-1	-1	-1	3	-1	-1	1	-1	-1
-1	-1	-1	3	-1	-1	1	-1	-1
-1	-1	-1	3	-1	-1	1	-1	-1
-1	-1	-1	3	-1	-1	1	-1	-1
-1	-1	-1	3	-1	-1	1	-1	-1
-1	-1	-1	3	-1	-1	1	-1	-1
-1	-1	-1	3	-1	-1	1	-1	-1
-1	-1	-1	3	-1	-1	1	-1	-1
-1	-1	-1	3	-1	-1	1	-1	-1
-1	-1	-1	3	-1	-1	1	-1	-1
-1	-1	-1	3	-1	-1	1	-1	-1
-1	-1	-1	3	-1	-1	1	-1	-1
-1	-1	-1	3	-1	-1	1	-1	-1
-1	-1	-1	3	-1	-1	1	-1	-1
-1	-1	-1	3	-1	-1	1	-1	-1
-1	-1	-1	3	-1	-1	1	-1	-1
-1	-1	-1	3	-1	-1	1	-1	-1
-1	-1	-1	3	-1	-1	1	-1	-1
-1	-1	-1	3	-1	-1	1	-1	-1
-1	-1	-1	3	-1	-1	1	-1	-1
-1	-1	-1	3	-1	-1	1	-1	-1
-1	-1	-1	3	-1	-1	1	-1	-1
-1	-1	-1	3	-1	-1	1	-1	-1
-1	-1	-1	3	-1	-1	1	-1	-1
-1	-1	-1	3	-1	-1	1	-1	-1
-1	-1	-1	3	-1	-1	1	-1	-1
-1	-1	-1	3	-1	-1	1	-1	-1
-1	-1	-1	3	-1	-1	1	-1	-1
-1	-1	-1	3	-1	-1	1	-1	-1
-1	-1	-1	3	-1	-1	1	-1	-1
-1	-1	-1	3	-1	-1	1	-1	-1
-1	-1	-1	3	-1	-1	1	-1	-1
-1	-1	-1	3	-1	-1	1	-1	-1
-1	-1	-1	3	-1	-1	1	-1	-1
-1	-1	-1	3	-1	-1	1	-1	-1
-1	-1	-1	3	-1	-1	1	-1	-1
-1	-1	-1	3	-1	-1	1	-1	-1
-1	-1	-1	3	-1	-1	1	-1	-1
-1	-1	-1	3	-1	-1	1	-1	-1
-1	-1	-1	3	-1	-1	1	-1	-1
-1	-1	-1	3	-1	-1	1	-1	-1
-1	-1	-1	3	-1	-1	1	-1	-1
-1	-1	-1	3	-1	-1	1	-1	-1
-1	-1	-1	3	-1	-1	1	-1	-1
-1	-1	-1	3	-1	-1	1	-1	-1
-1	-1	-1	3	-1	-1	1	-1	-1
-1	-1	-1	3	-1	-1	1	-1	-1
-1	-1	-1	3	-1	-1	1	-1	-1
-1	-1	-1	3	-1	-1	1	-1	-1
-1	-1	-1	3	-1	-1	1	-1	-1
-1	-1	-1	3	-1	-1	1	-1	-1
-1	-1	-1	3	-1	-1	1	-1	-1
-1	-1	-1	3	-1	-1	1	-1	-1
-1	-1	-1	3	-1	-1	1	-1	-1
-1	-1	-1	3	-1	-1	1	-1	-1
-1	-1	-1	3	-1	-1	1	-1	-1
-1	-1	-1	3	-1	-1	1	-1	-1
-1	-1	-1	3	-1	-1	1	-1	-1
-1	-1	-1	3	-1	-1	1	-1	-1
-1	-1	-1	3	-1	-1	1	-1	-1
-1	-1	-1	3	-1	-1	1	-1	-1
-1	-1	-1	3	-1	-1	1	-1	-1
-1	-1	-1	3	-1	-1	1	-1	-1
-1	-1	-1	3	-1	-1	1	-1	-1
-1	-1	-1	3	-1	-1	1	-1	-1
-1	-1	-1	3	-1	-1	1	-1	-1
-1	-1	-1	3	-1	-1	1	-1	-1
-1	-1	-1	3	-1	-1	1	-1	-1
-1	-1	-1	3	-1	-1	1	-1	-1
-1	-1	-1	3	-1	-1	1	-1	-1
-1	-1	-1	3	-1	-1	1	-1	-1
-1	-1	-1	3	-1	-1	1	-1	-1
-1	-1	-1	3	-1	-1	1	-1	-1
-1	-1	-1	3	-1	-1	1	-1	-1
-1	-1	-1	3	-1	-1	1	-1	-1
-1	-1	-1	3	-1	-1	1	-1	-1
-1	-1	-1	3	-1	-1	1	-1	-1
-1	-1	-1	3	-1	-1	1	-1	-1
-1	-1	-1	3	-1	-1	1	-1	-1
-1	-1	-1	3	-1	-1	1	-1	-1
-1	-1	-1	3	-1	-1	1	-1	-1
-1	-1	-1	3	-1	-1	1	-1	-1
-1	-1	-1	3	-1	-1	1	-1	-1
-1	-1	-1	3	-1	-1	1	-1	-1
-1	-1	-1	3	-1	-1	1	-1	-1
-1	-1	-1	3	-1	-1	1	-1	-1
-1	-1	-1	3	-1	-1	1	-1	-1
-1	-1	-1	3	-1	-1	1	-1	-1
-1	-1	-1	3	-1	-1	1	-1	-1
-1	-1	-1	3	-1	-1	1	-1	-1
-1	-1	-1	3	-1	-1	1	-1	-1
-1	-1	-1	3	-1	-1	1	-1	-1
-1	-1	-1	3	-1	-1	1	-1	-1
-1	-1	-1	3	-1	-1	1	-1	-1
-1	-1	-1	3	-1	-1	1	-1	-1
-1	-1	-1	3	-1	-1	1	-1	-1
-1	-1	-1	3	-1	-1	1	-1	-1
-1	-1	-1	3	-1	-1	1	-1	-1
-1	-1	-1	3	-1	-1	1	-1	-1
-1	-1	-1	3	-1	-1	1	-1	-1
-1	-1	-1	3	-1	-1	1	-1	-1
-1	-1	-1	3	-1	-1	1	-1	-1
-1	-1	-1	3	-1	-1	1	-1	-1
-1	-1	-1	3	-1	-1	1	-1	-1
-1	-1	-1	3	-1	-1	1	-1	-1
-1	-1	-1	3	-1	-1	1	-1	-1
-1	-1	-1	3	-1	-1	1	-1	-1
-1	-1	-1	3	-1	-1	1	-1	-1
-1	-1	-1	3	-1	-1	1	-1	-1
-1	-1	-1	3	-1	-1	1	-1	-1
-1	-1	-1	3	-1	-1	1	-1	-1
-1	-1	-1	3	-1	-1	1	-1	-1
-1	-1	-1	3	-1	-1	1	-1	-1
-1	-1	-1	3	-1	-1	1	-1	-1
-1	-1	-1	3	-1	-1	1	-1	-1
-1	-1	-1	3	-1	-1	1	-1	-1
-1	-1	-1	3	-1	-1	1	-1	-1
-1	-1	-1	3	-1	-1	1	-1	-1
-1	-1	-1	3	-1	-1	1	-1	-1
-1	-1	-1	3	-1	-1	1	-1	-1
-1	-1	-1	3	-1	-1	1	-1	-1
-1	-1	-1	3	-1	-1	1	-1	-1
-1	-1	-1	3	-1	-1	1	-1	-1
-1	-1	-1	3	-1	-1	1	-1	-1
-1	-1	-1	3	-1	-1	1	-1	-1
-1	-1	-1	3	-1	-1	1	-1	-1
-1	-1	-1	3	-1	-1	1	-1	-1
-1	-1	-1	3	-1	-1	1	-1	-1
-1	-1	-1	3	-1	-1	1	-1	-1
-1	-1	-1	3	-1	-1	1	-1	-1
-1	-1	-1	3	-1	-1	1	-1	-1
-1	-1	-1	3	-1	-1	1	-1	-1
-1	-1	-1	3	-1	-1	1	-1	-1
-1	-1	-1	3	-1	-1	1	-1	-1
-1	-1	-1	3	-1	-1	1	-1	-1
-1	-1	-1	3	-1	-1	1	-1	-1
-1	-1	-1	3	-1	-1	1	-1	-1
-1	-1	-1	3	-1	-1	1	-1	-1
-1	-1	-1	3	-1	-1	1	-1	-1
-1	-1	-1	3	-1	-1	1	-1	-1
-1	-1	-1	3	-1	-1	1	-1	-1
-1	-1	-1	3	-1	-1	1	-1	-1
-1	-1	-1	3	-1	-1	1	-1	-1
-1	-1	-1	3	-1	-1	1	-1	-1
-1	-1	-1	3	-1	-1	1	-1	-1
-1	-1	-1	3	-1	-1	1	-1	-1
-1	-1	-1	3	-1	-1	1	-1	-1
-1	-1	-1	3	-1	-1	1	-1	-1
-1	-1	-1	3	-1	-1	1	-1	-1
-1	-1	-1	3	-1	-1	1	-1	-1
-1	-1	-1	3	-1	-1	1	-1	-1
-1	-1	-1	3	-1	-1	1	-1	-1
