DAQCH	CRP	View	Channel
0	1	0	7
1	1	0	6
2	1	0	5
3	1	0	4
4	1	0	3
5	1	0	2
6	1	0	1
7	1	0	0
8	1	0	15
9	1	0	14
10	1	0	13
11	1	0	12
12	1	0	11
13	1	0	10
14	1	0	9
15	1	0	8
16	1	0	23
17	1	0	22
18	1	0	21
19	1	0	20
20	1	0	19
21	1	0	18
22	1	0	17
23	1	0	16
24	1	0	31
25	1	0	30
26	1	0	29
27	1	0	28
28	1	0	27
29	1	0	26
30	1	0	25
31	1	0	24
32	1	0	39
33	1	0	38
34	1	0	37
35	1	0	36
36	1	0	35
37	1	0	34
38	1	0	33
39	1	0	32
40	1	0	47
41	1	0	46
42	1	0	45
43	1	0	44
44	1	0	43
45	1	0	42
46	1	0	41
47	1	0	40
48	1	0	55
49	1	0	54
50	1	0	53
51	1	0	52
52	1	0	51
53	1	0	50
54	1	0	49
55	1	0	48
56	1	0	63
57	1	0	62
58	1	0	61
59	1	0	60
60	1	0	59
61	1	0	58
62	1	0	57
63	1	0	56
64	1	0	71
65	1	0	70
66	1	0	69
67	1	0	68
68	1	0	67
69	1	0	66
70	1	0	65
71	1	0	64
72	1	0	79
73	1	0	78
74	1	0	77
75	1	0	76
76	1	0	75
77	1	0	74
78	1	0	73
79	1	0	72
80	1	0	87
81	1	0	86
82	1	0	85
83	1	0	84
84	1	0	83
85	1	0	82
86	1	0	81
87	1	0	80
88	1	0	95
89	1	0	94
90	1	0	93
91	1	0	92
92	1	0	91
93	1	0	90
94	1	0	89
95	1	0	88
96	1	0	103
97	1	0	102
98	1	0	101
99	1	0	100
100	1	0	99
101	1	0	98
102	1	0	97
103	1	0	96
104	1	0	111
105	1	0	110
106	1	0	109
107	1	0	108
108	1	0	107
109	1	0	106
110	1	0	105
111	1	0	104
112	1	0	119
113	1	0	118
114	1	0	117
115	1	0	116
116	1	0	115
117	1	0	114
118	1	0	113
119	1	0	112
120	1	0	127
121	1	0	126
122	1	0	125
123	1	0	124
124	1	0	123
125	1	0	122
126	1	0	121
127	1	0	120
128	1	0	135
129	1	0	134
130	1	0	133
131	1	0	132
132	1	0	131
133	1	0	130
134	1	0	129
135	1	0	128
136	1	0	143
137	1	0	142
138	1	0	141
139	1	0	140
140	1	0	139
141	1	0	138
142	1	0	137
143	1	0	136
144	1	0	151
145	1	0	150
146	1	0	149
147	1	0	148
148	1	0	147
149	1	0	146
150	1	0	145
151	1	0	144
152	1	0	159
153	1	0	158
154	1	0	157
155	1	0	156
156	1	0	155
157	1	0	154
158	1	0	153
159	1	0	152
160	1	0	167
161	1	0	166
162	1	0	165
163	1	0	164
164	1	0	163
165	1	0	162
166	1	0	161
167	1	0	160
168	1	0	175
169	1	0	174
170	1	0	173
171	1	0	172
172	1	0	171
173	1	0	170
174	1	0	169
175	1	0	168
176	1	0	183
177	1	0	182
178	1	0	181
179	1	0	180
180	1	0	179
181	1	0	178
182	1	0	177
183	1	0	176
184	1	0	191
185	1	0	190
186	1	0	189
187	1	0	188
188	1	0	187
189	1	0	186
190	1	0	185
191	1	0	184
192	1	0	199
193	1	0	198
194	1	0	197
195	1	0	196
196	1	0	195
197	1	0	194
198	1	0	193
199	1	0	192
200	1	0	207
201	1	0	206
202	1	0	205
203	1	0	204
204	1	0	203
205	1	0	202
206	1	0	201
207	1	0	200
208	1	0	215
209	1	0	214
210	1	0	213
211	1	0	212
212	1	0	211
213	1	0	210
214	1	0	209
215	1	0	208
216	1	0	223
217	1	0	222
218	1	0	221
219	1	0	220
220	1	0	219
221	1	0	218
222	1	0	217
223	1	0	216
224	1	0	231
225	1	0	230
226	1	0	229
227	1	0	228
228	1	0	227
229	1	0	226
230	1	0	225
231	1	0	224
232	1	0	239
233	1	0	238
234	1	0	237
235	1	0	236
236	1	0	235
237	1	0	234
238	1	0	233
239	1	0	232
240	1	0	247
241	1	0	246
242	1	0	245
243	1	0	244
244	1	0	243
245	1	0	242
246	1	0	241
247	1	0	240
248	1	0	255
249	1	0	254
250	1	0	253
251	1	0	252
252	1	0	251
253	1	0	250
254	1	0	249
255	1	0	248
256	1	0	263
257	1	0	262
258	1	0	261
259	1	0	260
260	1	0	259
261	1	0	258
262	1	0	257
263	1	0	256
264	1	0	271
265	1	0	270
266	1	0	269
267	1	0	268
268	1	0	267
269	1	0	266
270	1	0	265
271	1	0	264
272	1	0	279
273	1	0	278
274	1	0	277
275	1	0	276
276	1	0	275
277	1	0	274
278	1	0	273
279	1	0	272
280	1	0	287
281	1	0	286
282	1	0	285
283	1	0	284
284	1	0	283
285	1	0	282
286	1	0	281
287	1	0	280
288	1	0	295
289	1	0	294
290	1	0	293
291	1	0	292
292	1	0	291
293	1	0	290
294	1	0	289
295	1	0	288
296	1	0	303
297	1	0	302
298	1	0	301
299	1	0	300
300	1	0	299
301	1	0	298
302	1	0	297
303	1	0	296
304	1	0	311
305	1	0	310
306	1	0	309
307	1	0	308
308	1	0	307
309	1	0	306
310	1	0	305
311	1	0	304
312	1	0	319
313	1	0	318
314	1	0	317
315	1	0	316
316	1	0	315
317	1	0	314
318	1	0	313
319	1	0	312
320	2	0	7
321	2	0	6
322	2	0	5
323	2	0	4
324	2	0	3
325	2	0	2
326	2	0	1
327	2	0	0
328	2	0	15
329	2	0	14
330	2	0	13
331	2	0	12
332	2	0	11
333	2	0	10
334	2	0	9
335	2	0	8
336	2	0	23
337	2	0	22
338	2	0	21
339	2	0	20
340	2	0	19
341	2	0	18
342	2	0	17
343	2	0	16
344	2	0	31
345	2	0	30
346	2	0	29
347	2	0	28
348	2	0	27
349	2	0	26
350	2	0	25
351	2	0	24
352	2	0	39
353	2	0	38
354	2	0	37
355	2	0	36
356	2	0	35
357	2	0	34
358	2	0	33
359	2	0	32
360	2	0	47
361	2	0	46
362	2	0	45
363	2	0	44
364	2	0	43
365	2	0	42
366	2	0	41
367	2	0	40
368	2	0	55
369	2	0	54
370	2	0	53
371	2	0	52
372	2	0	51
373	2	0	50
374	2	0	49
375	2	0	48
376	2	0	63
377	2	0	62
378	2	0	61
379	2	0	60
380	2	0	59
381	2	0	58
382	2	0	57
383	2	0	56
384	2	0	71
385	2	0	70
386	2	0	69
387	2	0	68
388	2	0	67
389	2	0	66
390	2	0	65
391	2	0	64
392	2	0	79
393	2	0	78
394	2	0	77
395	2	0	76
396	2	0	75
397	2	0	74
398	2	0	73
399	2	0	72
400	2	0	87
401	2	0	86
402	2	0	85
403	2	0	84
404	2	0	83
405	2	0	82
406	2	0	81
407	2	0	80
408	2	0	95
409	2	0	94
410	2	0	93
411	2	0	92
412	2	0	91
413	2	0	90
414	2	0	89
415	2	0	88
416	2	0	103
417	2	0	102
418	2	0	101
419	2	0	100
420	2	0	99
421	2	0	98
422	2	0	97
423	2	0	96
424	2	0	111
425	2	0	110
426	2	0	109
427	2	0	108
428	2	0	107
429	2	0	106
430	2	0	105
431	2	0	104
432	2	0	119
433	2	0	118
434	2	0	117
435	2	0	116
436	2	0	115
437	2	0	114
438	2	0	113
439	2	0	112
440	2	0	127
441	2	0	126
442	2	0	125
443	2	0	124
444	2	0	123
445	2	0	122
446	2	0	121
447	2	0	120
448	2	0	135
449	2	0	134
450	2	0	133
451	2	0	132
452	2	0	131
453	2	0	130
454	2	0	129
455	2	0	128
456	2	0	143
457	2	0	142
458	2	0	141
459	2	0	140
460	2	0	139
461	2	0	138
462	2	0	137
463	2	0	136
464	2	0	151
465	2	0	150
466	2	0	149
467	2	0	148
468	2	0	147
469	2	0	146
470	2	0	145
471	2	0	144
472	2	0	159
473	2	0	158
474	2	0	157
475	2	0	156
476	2	0	155
477	2	0	154
478	2	0	153
479	2	0	152
480	2	0	167
481	2	0	166
482	2	0	165
483	2	0	164
484	2	0	163
485	2	0	162
486	2	0	161
487	2	0	160
488	2	0	175
489	2	0	174
490	2	0	173
491	2	0	172
492	2	0	171
493	2	0	170
494	2	0	169
495	2	0	168
496	2	0	183
497	2	0	182
498	2	0	181
499	2	0	180
500	2	0	179
501	2	0	178
502	2	0	177
503	2	0	176
504	2	0	191
505	2	0	190
506	2	0	189
507	2	0	188
508	2	0	187
509	2	0	186
510	2	0	185
511	2	0	184
512	2	0	199
513	2	0	198
514	2	0	197
515	2	0	196
516	2	0	195
517	2	0	194
518	2	0	193
519	2	0	192
520	2	0	207
521	2	0	206
522	2	0	205
523	2	0	204
524	2	0	203
525	2	0	202
526	2	0	201
527	2	0	200
528	2	0	215
529	2	0	214
530	2	0	213
531	2	0	212
532	2	0	211
533	2	0	210
534	2	0	209
535	2	0	208
536	2	0	223
537	2	0	222
538	2	0	221
539	2	0	220
540	2	0	219
541	2	0	218
542	2	0	217
543	2	0	216
544	2	0	231
545	2	0	230
546	2	0	229
547	2	0	228
548	2	0	227
549	2	0	226
550	2	0	225
551	2	0	224
552	2	0	239
553	2	0	238
554	2	0	237
555	2	0	236
556	2	0	235
557	2	0	234
558	2	0	233
559	2	0	232
560	2	0	247
561	2	0	246
562	2	0	245
563	2	0	244
564	2	0	243
565	2	0	242
566	2	0	241
567	2	0	240
568	2	0	255
569	2	0	254
570	2	0	253
571	2	0	252
572	2	0	251
573	2	0	250
574	2	0	249
575	2	0	248
576	2	0	263
577	2	0	262
578	2	0	261
579	2	0	260
580	2	0	259
581	2	0	258
582	2	0	257
583	2	0	256
584	2	0	271
585	2	0	270
586	2	0	269
587	2	0	268
588	2	0	267
589	2	0	266
590	2	0	265
591	2	0	264
592	2	0	279
593	2	0	278
594	2	0	277
595	2	0	276
596	2	0	275
597	2	0	274
598	2	0	273
599	2	0	272
600	2	0	287
601	2	0	286
602	2	0	285
603	2	0	284
604	2	0	283
605	2	0	282
606	2	0	281
607	2	0	280
608	2	0	295
609	2	0	294
610	2	0	293
611	2	0	292
612	2	0	291
613	2	0	290
614	2	0	289
615	2	0	288
616	2	0	303
617	2	0	302
618	2	0	301
619	2	0	300
620	2	0	299
621	2	0	298
622	2	0	297
623	2	0	296
624	2	0	311
625	2	0	310
626	2	0	309
627	2	0	308
628	2	0	307
629	2	0	306
630	2	0	305
631	2	0	304
632	2	0	319
633	2	0	318
634	2	0	317
635	2	0	316
636	2	0	315
637	2	0	314
638	2	0	313
639	2	0	312
640	1	0	327
641	1	0	326
642	1	0	325
643	1	0	324
644	1	0	323
645	1	0	322
646	1	0	321
647	1	0	320
648	1	0	335
649	1	0	334
650	1	0	333
651	1	0	332
652	1	0	331
653	1	0	330
654	1	0	329
655	1	0	328
656	1	0	343
657	1	0	342
658	1	0	341
659	1	0	340
660	1	0	339
661	1	0	338
662	1	0	337
663	1	0	336
664	1	0	351
665	1	0	350
666	1	0	349
667	1	0	348
668	1	0	347
669	1	0	346
670	1	0	345
671	1	0	344
672	1	0	359
673	1	0	358
674	1	0	357
675	1	0	356
676	1	0	355
677	1	0	354
678	1	0	353
679	1	0	352
680	1	0	367
681	1	0	366
682	1	0	365
683	1	0	364
684	1	0	363
685	1	0	362
686	1	0	361
687	1	0	360
688	1	0	375
689	1	0	374
690	1	0	373
691	1	0	372
692	1	0	371
693	1	0	370
694	1	0	369
695	1	0	368
696	1	0	383
697	1	0	382
698	1	0	381
699	1	0	380
700	1	0	379
701	1	0	378
702	1	0	377
703	1	0	376
704	1	0	391
705	1	0	390
706	1	0	389
707	1	0	388
708	1	0	387
709	1	0	386
710	1	0	385
711	1	0	384
712	1	0	399
713	1	0	398
714	1	0	397
715	1	0	396
716	1	0	395
717	1	0	394
718	1	0	393
719	1	0	392
720	1	0	407
721	1	0	406
722	1	0	405
723	1	0	404
724	1	0	403
725	1	0	402
726	1	0	401
727	1	0	400
728	1	0	415
729	1	0	414
730	1	0	413
731	1	0	412
732	1	0	411
733	1	0	410
734	1	0	409
735	1	0	408
736	1	0	423
737	1	0	422
738	1	0	421
739	1	0	420
740	1	0	419
741	1	0	418
742	1	0	417
743	1	0	416
744	1	0	431
745	1	0	430
746	1	0	429
747	1	0	428
748	1	0	427
749	1	0	426
750	1	0	425
751	1	0	424
752	1	0	439
753	1	0	438
754	1	0	437
755	1	0	436
756	1	0	435
757	1	0	434
758	1	0	433
759	1	0	432
760	1	0	447
761	1	0	446
762	1	0	445
763	1	0	444
764	1	0	443
765	1	0	442
766	1	0	441
767	1	0	440
768	1	0	455
769	1	0	454
770	1	0	453
771	1	0	452
772	1	0	451
773	1	0	450
774	1	0	449
775	1	0	448
776	1	0	463
777	1	0	462
778	1	0	461
779	1	0	460
780	1	0	459
781	1	0	458
782	1	0	457
783	1	0	456
784	1	0	471
785	1	0	470
786	1	0	469
787	1	0	468
788	1	0	467
789	1	0	466
790	1	0	465
791	1	0	464
792	1	0	479
793	1	0	478
794	1	0	477
795	1	0	476
796	1	0	475
797	1	0	474
798	1	0	473
799	1	0	472
800	1	0	487
801	1	0	486
802	1	0	485
803	1	0	484
804	1	0	483
805	1	0	482
806	1	0	481
807	1	0	480
808	1	0	495
809	1	0	494
810	1	0	493
811	1	0	492
812	1	0	491
813	1	0	490
814	1	0	489
815	1	0	488
816	1	0	503
817	1	0	502
818	1	0	501
819	1	0	500
820	1	0	499
821	1	0	498
822	1	0	497
823	1	0	496
824	1	0	511
825	1	0	510
826	1	0	509
827	1	0	508
828	1	0	507
829	1	0	506
830	1	0	505
831	1	0	504
832	1	0	519
833	1	0	518
834	1	0	517
835	1	0	516
836	1	0	515
837	1	0	514
838	1	0	513
839	1	0	512
840	1	0	527
841	1	0	526
842	1	0	525
843	1	0	524
844	1	0	523
845	1	0	522
846	1	0	521
847	1	0	520
848	1	0	535
849	1	0	534
850	1	0	533
851	1	0	532
852	1	0	531
853	1	0	530
854	1	0	529
855	1	0	528
856	1	0	543
857	1	0	542
858	1	0	541
859	1	0	540
860	1	0	539
861	1	0	538
862	1	0	537
863	1	0	536
864	1	0	551
865	1	0	550
866	1	0	549
867	1	0	548
868	1	0	547
869	1	0	546
870	1	0	545
871	1	0	544
872	1	0	559
873	1	0	558
874	1	0	557
875	1	0	556
876	1	0	555
877	1	0	554
878	1	0	553
879	1	0	552
880	1	0	567
881	1	0	566
882	1	0	565
883	1	0	564
884	1	0	563
885	1	0	562
886	1	0	561
887	1	0	560
888	1	0	575
889	1	0	574
890	1	0	573
891	1	0	572
892	1	0	571
893	1	0	570
894	1	0	569
895	1	0	568
896	1	0	583
897	1	0	582
898	1	0	581
899	1	0	580
900	1	0	579
901	1	0	578
902	1	0	577
903	1	0	576
904	1	0	591
905	1	0	590
906	1	0	589
907	1	0	588
908	1	0	587
909	1	0	586
910	1	0	585
911	1	0	584
912	1	0	599
913	1	0	598
914	1	0	597
915	1	0	596
916	1	0	595
917	1	0	594
918	1	0	593
919	1	0	592
920	1	0	607
921	1	0	606
922	1	0	605
923	1	0	604
924	1	0	603
925	1	0	602
926	1	0	601
927	1	0	600
928	1	0	615
929	1	0	614
930	1	0	613
931	1	0	612
932	1	0	611
933	1	0	610
934	1	0	609
935	1	0	608
936	1	0	623
937	1	0	622
938	1	0	621
939	1	0	620
940	1	0	619
941	1	0	618
942	1	0	617
943	1	0	616
944	1	0	631
945	1	0	630
946	1	0	629
947	1	0	628
948	1	0	627
949	1	0	626
950	1	0	625
951	1	0	624
952	1	0	639
953	1	0	638
954	1	0	637
955	1	0	636
956	1	0	635
957	1	0	634
958	1	0	633
959	1	0	632
960	2	0	327
961	2	0	326
962	2	0	325
963	2	0	324
964	2	0	323
965	2	0	322
966	2	0	321
967	2	0	320
968	2	0	335
969	2	0	334
970	2	0	333
971	2	0	332
972	2	0	331
973	2	0	330
974	2	0	329
975	2	0	328
976	2	0	343
977	2	0	342
978	2	0	341
979	2	0	340
980	2	0	339
981	2	0	338
982	2	0	337
983	2	0	336
984	2	0	351
985	2	0	350
986	2	0	349
987	2	0	348
988	2	0	347
989	2	0	346
990	2	0	345
991	2	0	344
992	2	0	359
993	2	0	358
994	2	0	357
995	2	0	356
996	2	0	355
997	2	0	354
998	2	0	353
999	2	0	352
1000	2	0	367
1001	2	0	366
1002	2	0	365
1003	2	0	364
1004	2	0	363
1005	2	0	362
1006	2	0	361
1007	2	0	360
1008	2	0	375
1009	2	0	374
1010	2	0	373
1011	2	0	372
1012	2	0	371
1013	2	0	370
1014	2	0	369
1015	2	0	368
1016	2	0	383
1017	2	0	382
1018	2	0	381
1019	2	0	380
1020	2	0	379
1021	2	0	378
1022	2	0	377
1023	2	0	376
1024	2	0	391
1025	2	0	390
1026	2	0	389
1027	2	0	388
1028	2	0	387
1029	2	0	386
1030	2	0	385
1031	2	0	384
1032	2	0	399
1033	2	0	398
1034	2	0	397
1035	2	0	396
1036	2	0	395
1037	2	0	394
1038	2	0	393
1039	2	0	392
1040	2	0	407
1041	2	0	406
1042	2	0	405
1043	2	0	404
1044	2	0	403
1045	2	0	402
1046	2	0	401
1047	2	0	400
1048	2	0	415
1049	2	0	414
1050	2	0	413
1051	2	0	412
1052	2	0	411
1053	2	0	410
1054	2	0	409
1055	2	0	408
1056	2	0	423
1057	2	0	422
1058	2	0	421
1059	2	0	420
1060	2	0	419
1061	2	0	418
1062	2	0	417
1063	2	0	416
1064	2	0	431
1065	2	0	430
1066	2	0	429
1067	2	0	428
1068	2	0	427
1069	2	0	426
1070	2	0	425
1071	2	0	424
1072	2	0	439
1073	2	0	438
1074	2	0	437
1075	2	0	436
1076	2	0	435
1077	2	0	434
1078	2	0	433
1079	2	0	432
1080	2	0	447
1081	2	0	446
1082	2	0	445
1083	2	0	444
1084	2	0	443
1085	2	0	442
1086	2	0	441
1087	2	0	440
1088	2	0	455
1089	2	0	454
1090	2	0	453
1091	2	0	452
1092	2	0	451
1093	2	0	450
1094	2	0	449
1095	2	0	448
1096	2	0	463
1097	2	0	462
1098	2	0	461
1099	2	0	460
1100	2	0	459
1101	2	0	458
1102	2	0	457
1103	2	0	456
1104	2	0	471
1105	2	0	470
1106	2	0	469
1107	2	0	468
1108	2	0	467
1109	2	0	466
1110	2	0	465
1111	2	0	464
1112	2	0	479
1113	2	0	478
1114	2	0	477
1115	2	0	476
1116	2	0	475
1117	2	0	474
1118	2	0	473
1119	2	0	472
1120	2	0	487
1121	2	0	486
1122	2	0	485
1123	2	0	484
1124	2	0	483
1125	2	0	482
1126	2	0	481
1127	2	0	480
1128	2	0	495
1129	2	0	494
1130	2	0	493
1131	2	0	492
1132	2	0	491
1133	2	0	490
1134	2	0	489
1135	2	0	488
1136	2	0	503
1137	2	0	502
1138	2	0	501
1139	2	0	500
1140	2	0	499
1141	2	0	498
1142	2	0	497
1143	2	0	496
1144	2	0	511
1145	2	0	510
1146	2	0	509
1147	2	0	508
1148	2	0	507
1149	2	0	506
1150	2	0	505
1151	2	0	504
1152	2	0	519
1153	2	0	518
1154	2	0	517
1155	2	0	516
1156	2	0	515
1157	2	0	514
1158	2	0	513
1159	2	0	512
1160	2	0	527
1161	2	0	526
1162	2	0	525
1163	2	0	524
1164	2	0	523
1165	2	0	522
1166	2	0	521
1167	2	0	520
1168	2	0	535
1169	2	0	534
1170	2	0	533
1171	2	0	532
1172	2	0	531
1173	2	0	530
1174	2	0	529
1175	2	0	528
1176	2	0	543
1177	2	0	542
1178	2	0	541
1179	2	0	540
1180	2	0	539
1181	2	0	538
1182	2	0	537
1183	2	0	536
1184	2	0	551
1185	2	0	550
1186	2	0	549
1187	2	0	548
1188	2	0	547
1189	2	0	546
1190	2	0	545
1191	2	0	544
1192	2	0	559
1193	2	0	558
1194	2	0	557
1195	2	0	556
1196	2	0	555
1197	2	0	554
1198	2	0	553
1199	2	0	552
1200	2	0	567
1201	2	0	566
1202	2	0	565
1203	2	0	564
1204	2	0	563
1205	2	0	562
1206	2	0	561
1207	2	0	560
1208	2	0	575
1209	2	0	574
1210	2	0	573
1211	2	0	572
1212	2	0	571
1213	2	0	570
1214	2	0	569
1215	2	0	568
1216	2	0	583
1217	2	0	582
1218	2	0	581
1219	2	0	580
1220	2	0	579
1221	2	0	578
1222	2	0	577
1223	2	0	576
1224	2	0	591
1225	2	0	590
1226	2	0	589
1227	2	0	588
1228	2	0	587
1229	2	0	586
1230	2	0	585
1231	2	0	584
1232	2	0	599
1233	2	0	598
1234	2	0	597
1235	2	0	596
1236	2	0	595
1237	2	0	594
1238	2	0	593
1239	2	0	592
1240	2	0	607
1241	2	0	606
1242	2	0	605
1243	2	0	604
1244	2	0	603
1245	2	0	602
1246	2	0	601
1247	2	0	600
1248	2	0	615
1249	2	0	614
1250	2	0	613
1251	2	0	612
1252	2	0	611
1253	2	0	610
1254	2	0	609
1255	2	0	608
1256	2	0	623
1257	2	0	622
1258	2	0	621
1259	2	0	620
1260	2	0	619
1261	2	0	618
1262	2	0	617
1263	2	0	616
1264	2	0	631
1265	2	0	630
1266	2	0	629
1267	2	0	628
1268	2	0	627
1269	2	0	626
1270	2	0	625
1271	2	0	624
1272	2	0	639
1273	2	0	638
1274	2	0	637
1275	2	0	636
1276	2	0	635
1277	2	0	634
1278	2	0	633
1279	2	0	632
1280	1	0	647
1281	1	0	646
1282	1	0	645
1283	1	0	644
1284	1	0	643
1285	1	0	642
1286	1	0	641
1287	1	0	640
1288	1	0	655
1289	1	0	654
1290	1	0	653
1291	1	0	652
1292	1	0	651
1293	1	0	650
1294	1	0	649
1295	1	0	648
1296	1	0	663
1297	1	0	662
1298	1	0	661
1299	1	0	660
1300	1	0	659
1301	1	0	658
1302	1	0	657
1303	1	0	656
1304	1	0	671
1305	1	0	670
1306	1	0	669
1307	1	0	668
1308	1	0	667
1309	1	0	666
1310	1	0	665
1311	1	0	664
1312	1	0	679
1313	1	0	678
1314	1	0	677
1315	1	0	676
1316	1	0	675
1317	1	0	674
1318	1	0	673
1319	1	0	672
1320	1	0	687
1321	1	0	686
1322	1	0	685
1323	1	0	684
1324	1	0	683
1325	1	0	682
1326	1	0	681
1327	1	0	680
1328	1	0	695
1329	1	0	694
1330	1	0	693
1331	1	0	692
1332	1	0	691
1333	1	0	690
1334	1	0	689
1335	1	0	688
1336	1	0	703
1337	1	0	702
1338	1	0	701
1339	1	0	700
1340	1	0	699
1341	1	0	698
1342	1	0	697
1343	1	0	696
1344	1	0	711
1345	1	0	710
1346	1	0	709
1347	1	0	708
1348	1	0	707
1349	1	0	706
1350	1	0	705
1351	1	0	704
1352	1	0	719
1353	1	0	718
1354	1	0	717
1355	1	0	716
1356	1	0	715
1357	1	0	714
1358	1	0	713
1359	1	0	712
1360	1	0	727
1361	1	0	726
1362	1	0	725
1363	1	0	724
1364	1	0	723
1365	1	0	722
1366	1	0	721
1367	1	0	720
1368	1	0	735
1369	1	0	734
1370	1	0	733
1371	1	0	732
1372	1	0	731
1373	1	0	730
1374	1	0	729
1375	1	0	728
1376	1	0	743
1377	1	0	742
1378	1	0	741
1379	1	0	740
1380	1	0	739
1381	1	0	738
1382	1	0	737
1383	1	0	736
1384	1	0	751
1385	1	0	750
1386	1	0	749
1387	1	0	748
1388	1	0	747
1389	1	0	746
1390	1	0	745
1391	1	0	744
1392	1	0	759
1393	1	0	758
1394	1	0	757
1395	1	0	756
1396	1	0	755
1397	1	0	754
1398	1	0	753
1399	1	0	752
1400	1	0	767
1401	1	0	766
1402	1	0	765
1403	1	0	764
1404	1	0	763
1405	1	0	762
1406	1	0	761
1407	1	0	760
1408	1	0	775
1409	1	0	774
1410	1	0	773
1411	1	0	772
1412	1	0	771
1413	1	0	770
1414	1	0	769
1415	1	0	768
1416	1	0	783
1417	1	0	782
1418	1	0	781
1419	1	0	780
1420	1	0	779
1421	1	0	778
1422	1	0	777
1423	1	0	776
1424	1	0	791
1425	1	0	790
1426	1	0	789
1427	1	0	788
1428	1	0	787
1429	1	0	786
1430	1	0	785
1431	1	0	784
1432	1	0	799
1433	1	0	798
1434	1	0	797
1435	1	0	796
1436	1	0	795
1437	1	0	794
1438	1	0	793
1439	1	0	792
1440	1	0	807
1441	1	0	806
1442	1	0	805
1443	1	0	804
1444	1	0	803
1445	1	0	802
1446	1	0	801
1447	1	0	800
1448	1	0	815
1449	1	0	814
1450	1	0	813
1451	1	0	812
1452	1	0	811
1453	1	0	810
1454	1	0	809
1455	1	0	808
1456	1	0	823
1457	1	0	822
1458	1	0	821
1459	1	0	820
1460	1	0	819
1461	1	0	818
1462	1	0	817
1463	1	0	816
1464	1	0	831
1465	1	0	830
1466	1	0	829
1467	1	0	828
1468	1	0	827
1469	1	0	826
1470	1	0	825
1471	1	0	824
1472	1	0	839
1473	1	0	838
1474	1	0	837
1475	1	0	836
1476	1	0	835
1477	1	0	834
1478	1	0	833
1479	1	0	832
1480	1	0	847
1481	1	0	846
1482	1	0	845
1483	1	0	844
1484	1	0	843
1485	1	0	842
1486	1	0	841
1487	1	0	840
1488	1	0	855
1489	1	0	854
1490	1	0	853
1491	1	0	852
1492	1	0	851
1493	1	0	850
1494	1	0	849
1495	1	0	848
1496	1	0	863
1497	1	0	862
1498	1	0	861
1499	1	0	860
1500	1	0	859
1501	1	0	858
1502	1	0	857
1503	1	0	856
1504	1	0	871
1505	1	0	870
1506	1	0	869
1507	1	0	868
1508	1	0	867
1509	1	0	866
1510	1	0	865
1511	1	0	864
1512	1	0	879
1513	1	0	878
1514	1	0	877
1515	1	0	876
1516	1	0	875
1517	1	0	874
1518	1	0	873
1519	1	0	872
1520	1	0	887
1521	1	0	886
1522	1	0	885
1523	1	0	884
1524	1	0	883
1525	1	0	882
1526	1	0	881
1527	1	0	880
1528	1	0	895
1529	1	0	894
1530	1	0	893
1531	1	0	892
1532	1	0	891
1533	1	0	890
1534	1	0	889
1535	1	0	888
1536	1	0	903
1537	1	0	902
1538	1	0	901
1539	1	0	900
1540	1	0	899
1541	1	0	898
1542	1	0	897
1543	1	0	896
1544	1	0	911
1545	1	0	910
1546	1	0	909
1547	1	0	908
1548	1	0	907
1549	1	0	906
1550	1	0	905
1551	1	0	904
1552	1	0	919
1553	1	0	918
1554	1	0	917
1555	1	0	916
1556	1	0	915
1557	1	0	914
1558	1	0	913
1559	1	0	912
1560	1	0	927
1561	1	0	926
1562	1	0	925
1563	1	0	924
1564	1	0	923
1565	1	0	922
1566	1	0	921
1567	1	0	920
1568	1	0	935
1569	1	0	934
1570	1	0	933
1571	1	0	932
1572	1	0	931
1573	1	0	930
1574	1	0	929
1575	1	0	928
1576	1	0	943
1577	1	0	942
1578	1	0	941
1579	1	0	940
1580	1	0	939
1581	1	0	938
1582	1	0	937
1583	1	0	936
1584	1	0	951
1585	1	0	950
1586	1	0	949
1587	1	0	948
1588	1	0	947
1589	1	0	946
1590	1	0	945
1591	1	0	944
1592	1	0	959
1593	1	0	958
1594	1	0	957
1595	1	0	956
1596	1	0	955
1597	1	0	954
1598	1	0	953
1599	1	0	952
1600	2	0	647
1601	2	0	646
1602	2	0	645
1603	2	0	644
1604	2	0	643
1605	2	0	642
1606	2	0	641
1607	2	0	640
1608	2	0	655
1609	2	0	654
1610	2	0	653
1611	2	0	652
1612	2	0	651
1613	2	0	650
1614	2	0	649
1615	2	0	648
1616	2	0	663
1617	2	0	662
1618	2	0	661
1619	2	0	660
1620	2	0	659
1621	2	0	658
1622	2	0	657
1623	2	0	656
1624	2	0	671
1625	2	0	670
1626	2	0	669
1627	2	0	668
1628	2	0	667
1629	2	0	666
1630	2	0	665
1631	2	0	664
1632	2	0	679
1633	2	0	678
1634	2	0	677
1635	2	0	676
1636	2	0	675
1637	2	0	674
1638	2	0	673
1639	2	0	672
1640	2	0	687
1641	2	0	686
1642	2	0	685
1643	2	0	684
1644	2	0	683
1645	2	0	682
1646	2	0	681
1647	2	0	680
1648	2	0	695
1649	2	0	694
1650	2	0	693
1651	2	0	692
1652	2	0	691
1653	2	0	690
1654	2	0	689
1655	2	0	688
1656	2	0	703
1657	2	0	702
1658	2	0	701
1659	2	0	700
1660	2	0	699
1661	2	0	698
1662	2	0	697
1663	2	0	696
1664	2	0	711
1665	2	0	710
1666	2	0	709
1667	2	0	708
1668	2	0	707
1669	2	0	706
1670	2	0	705
1671	2	0	704
1672	2	0	719
1673	2	0	718
1674	2	0	717
1675	2	0	716
1676	2	0	715
1677	2	0	714
1678	2	0	713
1679	2	0	712
1680	2	0	727
1681	2	0	726
1682	2	0	725
1683	2	0	724
1684	2	0	723
1685	2	0	722
1686	2	0	721
1687	2	0	720
1688	2	0	735
1689	2	0	734
1690	2	0	733
1691	2	0	732
1692	2	0	731
1693	2	0	730
1694	2	0	729
1695	2	0	728
1696	2	0	743
1697	2	0	742
1698	2	0	741
1699	2	0	740
1700	2	0	739
1701	2	0	738
1702	2	0	737
1703	2	0	736
1704	2	0	751
1705	2	0	750
1706	2	0	749
1707	2	0	748
1708	2	0	747
1709	2	0	746
1710	2	0	745
1711	2	0	744
1712	2	0	759
1713	2	0	758
1714	2	0	757
1715	2	0	756
1716	2	0	755
1717	2	0	754
1718	2	0	753
1719	2	0	752
1720	2	0	767
1721	2	0	766
1722	2	0	765
1723	2	0	764
1724	2	0	763
1725	2	0	762
1726	2	0	761
1727	2	0	760
1728	2	0	775
1729	2	0	774
1730	2	0	773
1731	2	0	772
1732	2	0	771
1733	2	0	770
1734	2	0	769
1735	2	0	768
1736	2	0	783
1737	2	0	782
1738	2	0	781
1739	2	0	780
1740	2	0	779
1741	2	0	778
1742	2	0	777
1743	2	0	776
1744	2	0	791
1745	2	0	790
1746	2	0	789
1747	2	0	788
1748	2	0	787
1749	2	0	786
1750	2	0	785
1751	2	0	784
1752	2	0	799
1753	2	0	798
1754	2	0	797
1755	2	0	796
1756	2	0	795
1757	2	0	794
1758	2	0	793
1759	2	0	792
1760	2	0	807
1761	2	0	806
1762	2	0	805
1763	2	0	804
1764	2	0	803
1765	2	0	802
1766	2	0	801
1767	2	0	800
1768	2	0	815
1769	2	0	814
1770	2	0	813
1771	2	0	812
1772	2	0	811
1773	2	0	810
1774	2	0	809
1775	2	0	808
1776	2	0	823
1777	2	0	822
1778	2	0	821
1779	2	0	820
1780	2	0	819
1781	2	0	818
1782	2	0	817
1783	2	0	816
1784	2	0	831
1785	2	0	830
1786	2	0	829
1787	2	0	828
1788	2	0	827
1789	2	0	826
1790	2	0	825
1791	2	0	824
1792	2	0	839
1793	2	0	838
1794	2	0	837
1795	2	0	836
1796	2	0	835
1797	2	0	834
1798	2	0	833
1799	2	0	832
1800	2	0	847
1801	2	0	846
1802	2	0	845
1803	2	0	844
1804	2	0	843
1805	2	0	842
1806	2	0	841
1807	2	0	840
1808	2	0	855
1809	2	0	854
1810	2	0	853
1811	2	0	852
1812	2	0	851
1813	2	0	850
1814	2	0	849
1815	2	0	848
1816	2	0	863
1817	2	0	862
1818	2	0	861
1819	2	0	860
1820	2	0	859
1821	2	0	858
1822	2	0	857
1823	2	0	856
1824	2	0	871
1825	2	0	870
1826	2	0	869
1827	2	0	868
1828	2	0	867
1829	2	0	866
1830	2	0	865
1831	2	0	864
1832	2	0	879
1833	2	0	878
1834	2	0	877
1835	2	0	876
1836	2	0	875
1837	2	0	874
1838	2	0	873
1839	2	0	872
1840	2	0	887
1841	2	0	886
1842	2	0	885
1843	2	0	884
1844	2	0	883
1845	2	0	882
1846	2	0	881
1847	2	0	880
1848	2	0	895
1849	2	0	894
1850	2	0	893
1851	2	0	892
1852	2	0	891
1853	2	0	890
1854	2	0	889
1855	2	0	888
1856	2	0	903
1857	2	0	902
1858	2	0	901
1859	2	0	900
1860	2	0	899
1861	2	0	898
1862	2	0	897
1863	2	0	896
1864	2	0	911
1865	2	0	910
1866	2	0	909
1867	2	0	908
1868	2	0	907
1869	2	0	906
1870	2	0	905
1871	2	0	904
1872	2	0	919
1873	2	0	918
1874	2	0	917
1875	2	0	916
1876	2	0	915
1877	2	0	914
1878	2	0	913
1879	2	0	912
1880	2	0	927
1881	2	0	926
1882	2	0	925
1883	2	0	924
1884	2	0	923
1885	2	0	922
1886	2	0	921
1887	2	0	920
1888	2	0	935
1889	2	0	934
1890	2	0	933
1891	2	0	932
1892	2	0	931
1893	2	0	930
1894	2	0	929
1895	2	0	928
1896	2	0	943
1897	2	0	942
1898	2	0	941
1899	2	0	940
1900	2	0	939
1901	2	0	938
1902	2	0	937
1903	2	0	936
1904	2	0	951
1905	2	0	950
1906	2	0	949
1907	2	0	948
1908	2	0	947
1909	2	0	946
1910	2	0	945
1911	2	0	944
1912	2	0	959
1913	2	0	958
1914	2	0	957
1915	2	0	956
1916	2	0	955
1917	2	0	954
1918	2	0	953
1919	2	0	952
1920	0	0	7
1921	0	0	6
1922	0	0	5
1923	0	0	4
1924	0	0	3
1925	0	0	2
1926	0	0	1
1927	0	0	0
1928	0	0	15
1929	0	0	14
1930	0	0	13
1931	0	0	12
1932	0	0	11
1933	0	0	10
1934	0	0	9
1935	0	0	8
1936	0	0	23
1937	0	0	22
1938	0	0	21
1939	0	0	20
1940	0	0	19
1941	0	0	18
1942	0	0	17
1943	0	0	16
1944	0	0	31
1945	0	0	30
1946	0	0	29
1947	0	0	28
1948	0	0	27
1949	0	0	26
1950	0	0	25
1951	0	0	24
1952	0	0	39
1953	0	0	38
1954	0	0	37
1955	0	0	36
1956	0	0	35
1957	0	0	34
1958	0	0	33
1959	0	0	32
1960	0	0	47
1961	0	0	46
1962	0	0	45
1963	0	0	44
1964	0	0	43
1965	0	0	42
1966	0	0	41
1967	0	0	40
1968	0	0	55
1969	0	0	54
1970	0	0	53
1971	0	0	52
1972	0	0	51
1973	0	0	50
1974	0	0	49
1975	0	0	48
1976	0	0	63
1977	0	0	62
1978	0	0	61
1979	0	0	60
1980	0	0	59
1981	0	0	58
1982	0	0	57
1983	0	0	56
1984	0	0	71
1985	0	0	70
1986	0	0	69
1987	0	0	68
1988	0	0	67
1989	0	0	66
1990	0	0	65
1991	0	0	64
1992	0	0	79
1993	0	0	78
1994	0	0	77
1995	0	0	76
1996	0	0	75
1997	0	0	74
1998	0	0	73
1999	0	0	72
2000	0	0	87
2001	0	0	86
2002	0	0	85
2003	0	0	84
2004	0	0	83
2005	0	0	82
2006	0	0	81
2007	0	0	80
2008	0	0	95
2009	0	0	94
2010	0	0	93
2011	0	0	92
2012	0	0	91
2013	0	0	90
2014	0	0	89
2015	0	0	88
2016	0	0	103
2017	0	0	102
2018	0	0	101
2019	0	0	100
2020	0	0	99
2021	0	0	98
2022	0	0	97
2023	0	0	96
2024	0	0	111
2025	0	0	110
2026	0	0	109
2027	0	0	108
2028	0	0	107
2029	0	0	106
2030	0	0	105
2031	0	0	104
2032	0	0	119
2033	0	0	118
2034	0	0	117
2035	0	0	116
2036	0	0	115
2037	0	0	114
2038	0	0	113
2039	0	0	112
2040	0	0	127
2041	0	0	126
2042	0	0	125
2043	0	0	124
2044	0	0	123
2045	0	0	122
2046	0	0	121
2047	0	0	120
2048	0	0	135
2049	0	0	134
2050	0	0	133
2051	0	0	132
2052	0	0	131
2053	0	0	130
2054	0	0	129
2055	0	0	128
2056	0	0	143
2057	0	0	142
2058	0	0	141
2059	0	0	140
2060	0	0	139
2061	0	0	138
2062	0	0	137
2063	0	0	136
2064	0	0	151
2065	0	0	150
2066	0	0	149
2067	0	0	148
2068	0	0	147
2069	0	0	146
2070	0	0	145
2071	0	0	144
2072	0	0	159
2073	0	0	158
2074	0	0	157
2075	0	0	156
2076	0	0	155
2077	0	0	154
2078	0	0	153
2079	0	0	152
2080	0	0	167
2081	0	0	166
2082	0	0	165
2083	0	0	164
2084	0	0	163
2085	0	0	162
2086	0	0	161
2087	0	0	160
2088	0	0	175
2089	0	0	174
2090	0	0	173
2091	0	0	172
2092	0	0	171
2093	0	0	170
2094	0	0	169
2095	0	0	168
2096	0	0	183
2097	0	0	182
2098	0	0	181
2099	0	0	180
2100	0	0	179
2101	0	0	178
2102	0	0	177
2103	0	0	176
2104	0	0	191
2105	0	0	190
2106	0	0	189
2107	0	0	188
2108	0	0	187
2109	0	0	186
2110	0	0	185
2111	0	0	184
2112	0	0	199
2113	0	0	198
2114	0	0	197
2115	0	0	196
2116	0	0	195
2117	0	0	194
2118	0	0	193
2119	0	0	192
2120	0	0	207
2121	0	0	206
2122	0	0	205
2123	0	0	204
2124	0	0	203
2125	0	0	202
2126	0	0	201
2127	0	0	200
2128	0	0	215
2129	0	0	214
2130	0	0	213
2131	0	0	212
2132	0	0	211
2133	0	0	210
2134	0	0	209
2135	0	0	208
2136	0	0	223
2137	0	0	222
2138	0	0	221
2139	0	0	220
2140	0	0	219
2141	0	0	218
2142	0	0	217
2143	0	0	216
2144	0	0	231
2145	0	0	230
2146	0	0	229
2147	0	0	228
2148	0	0	227
2149	0	0	226
2150	0	0	225
2151	0	0	224
2152	0	0	239
2153	0	0	238
2154	0	0	237
2155	0	0	236
2156	0	0	235
2157	0	0	234
2158	0	0	233
2159	0	0	232
2160	0	0	247
2161	0	0	246
2162	0	0	245
2163	0	0	244
2164	0	0	243
2165	0	0	242
2166	0	0	241
2167	0	0	240
2168	0	0	255
2169	0	0	254
2170	0	0	253
2171	0	0	252
2172	0	0	251
2173	0	0	250
2174	0	0	249
2175	0	0	248
2176	0	0	263
2177	0	0	262
2178	0	0	261
2179	0	0	260
2180	0	0	259
2181	0	0	258
2182	0	0	257
2183	0	0	256
2184	0	0	271
2185	0	0	270
2186	0	0	269
2187	0	0	268
2188	0	0	267
2189	0	0	266
2190	0	0	265
2191	0	0	264
2192	0	0	279
2193	0	0	278
2194	0	0	277
2195	0	0	276
2196	0	0	275
2197	0	0	274
2198	0	0	273
2199	0	0	272
2200	0	0	287
2201	0	0	286
2202	0	0	285
2203	0	0	284
2204	0	0	283
2205	0	0	282
2206	0	0	281
2207	0	0	280
2208	0	0	295
2209	0	0	294
2210	0	0	293
2211	0	0	292
2212	0	0	291
2213	0	0	290
2214	0	0	289
2215	0	0	288
2216	0	0	303
2217	0	0	302
2218	0	0	301
2219	0	0	300
2220	0	0	299
2221	0	0	298
2222	0	0	297
2223	0	0	296
2224	0	0	311
2225	0	0	310
2226	0	0	309
2227	0	0	308
2228	0	0	307
2229	0	0	306
2230	0	0	305
2231	0	0	304
2232	0	0	319
2233	0	0	318
2234	0	0	317
2235	0	0	316
2236	0	0	315
2237	0	0	314
2238	0	0	313
2239	0	0	312
2240	3	0	7
2241	3	0	6
2242	3	0	5
2243	3	0	4
2244	3	0	3
2245	3	0	2
2246	3	0	1
2247	3	0	0
2248	3	0	15
2249	3	0	14
2250	3	0	13
2251	3	0	12
2252	3	0	11
2253	3	0	10
2254	3	0	9
2255	3	0	8
2256	3	0	23
2257	3	0	22
2258	3	0	21
2259	3	0	20
2260	3	0	19
2261	3	0	18
2262	3	0	17
2263	3	0	16
2264	3	0	31
2265	3	0	30
2266	3	0	29
2267	3	0	28
2268	3	0	27
2269	3	0	26
2270	3	0	25
2271	3	0	24
2272	3	0	39
2273	3	0	38
2274	3	0	37
2275	3	0	36
2276	3	0	35
2277	3	0	34
2278	3	0	33
2279	3	0	32
2280	3	0	47
2281	3	0	46
2282	3	0	45
2283	3	0	44
2284	3	0	43
2285	3	0	42
2286	3	0	41
2287	3	0	40
2288	3	0	55
2289	3	0	54
2290	3	0	53
2291	3	0	52
2292	3	0	51
2293	3	0	50
2294	3	0	49
2295	3	0	48
2296	3	0	63
2297	3	0	62
2298	3	0	61
2299	3	0	60
2300	3	0	59
2301	3	0	58
2302	3	0	57
2303	3	0	56
2304	3	0	71
2305	3	0	70
2306	3	0	69
2307	3	0	68
2308	3	0	67
2309	3	0	66
2310	3	0	65
2311	3	0	64
2312	3	0	79
2313	3	0	78
2314	3	0	77
2315	3	0	76
2316	3	0	75
2317	3	0	74
2318	3	0	73
2319	3	0	72
2320	3	0	87
2321	3	0	86
2322	3	0	85
2323	3	0	84
2324	3	0	83
2325	3	0	82
2326	3	0	81
2327	3	0	80
2328	3	0	95
2329	3	0	94
2330	3	0	93
2331	3	0	92
2332	3	0	91
2333	3	0	90
2334	3	0	89
2335	3	0	88
2336	3	0	103
2337	3	0	102
2338	3	0	101
2339	3	0	100
2340	3	0	99
2341	3	0	98
2342	3	0	97
2343	3	0	96
2344	3	0	111
2345	3	0	110
2346	3	0	109
2347	3	0	108
2348	3	0	107
2349	3	0	106
2350	3	0	105
2351	3	0	104
2352	3	0	119
2353	3	0	118
2354	3	0	117
2355	3	0	116
2356	3	0	115
2357	3	0	114
2358	3	0	113
2359	3	0	112
2360	3	0	127
2361	3	0	126
2362	3	0	125
2363	3	0	124
2364	3	0	123
2365	3	0	122
2366	3	0	121
2367	3	0	120
2368	3	0	135
2369	3	0	134
2370	3	0	133
2371	3	0	132
2372	3	0	131
2373	3	0	130
2374	3	0	129
2375	3	0	128
2376	3	0	143
2377	3	0	142
2378	3	0	141
2379	3	0	140
2380	3	0	139
2381	3	0	138
2382	3	0	137
2383	3	0	136
2384	3	0	151
2385	3	0	150
2386	3	0	149
2387	3	0	148
2388	3	0	147
2389	3	0	146
2390	3	0	145
2391	3	0	144
2392	3	0	159
2393	3	0	158
2394	3	0	157
2395	3	0	156
2396	3	0	155
2397	3	0	154
2398	3	0	153
2399	3	0	152
2400	3	0	167
2401	3	0	166
2402	3	0	165
2403	3	0	164
2404	3	0	163
2405	3	0	162
2406	3	0	161
2407	3	0	160
2408	3	0	175
2409	3	0	174
2410	3	0	173
2411	3	0	172
2412	3	0	171
2413	3	0	170
2414	3	0	169
2415	3	0	168
2416	3	0	183
2417	3	0	182
2418	3	0	181
2419	3	0	180
2420	3	0	179
2421	3	0	178
2422	3	0	177
2423	3	0	176
2424	3	0	191
2425	3	0	190
2426	3	0	189
2427	3	0	188
2428	3	0	187
2429	3	0	186
2430	3	0	185
2431	3	0	184
2432	3	0	199
2433	3	0	198
2434	3	0	197
2435	3	0	196
2436	3	0	195
2437	3	0	194
2438	3	0	193
2439	3	0	192
2440	3	0	207
2441	3	0	206
2442	3	0	205
2443	3	0	204
2444	3	0	203
2445	3	0	202
2446	3	0	201
2447	3	0	200
2448	3	0	215
2449	3	0	214
2450	3	0	213
2451	3	0	212
2452	3	0	211
2453	3	0	210
2454	3	0	209
2455	3	0	208
2456	3	0	223
2457	3	0	222
2458	3	0	221
2459	3	0	220
2460	3	0	219
2461	3	0	218
2462	3	0	217
2463	3	0	216
2464	3	0	231
2465	3	0	230
2466	3	0	229
2467	3	0	228
2468	3	0	227
2469	3	0	226
2470	3	0	225
2471	3	0	224
2472	3	0	239
2473	3	0	238
2474	3	0	237
2475	3	0	236
2476	3	0	235
2477	3	0	234
2478	3	0	233
2479	3	0	232
2480	3	0	247
2481	3	0	246
2482	3	0	245
2483	3	0	244
2484	3	0	243
2485	3	0	242
2486	3	0	241
2487	3	0	240
2488	3	0	255
2489	3	0	254
2490	3	0	253
2491	3	0	252
2492	3	0	251
2493	3	0	250
2494	3	0	249
2495	3	0	248
2496	3	0	263
2497	3	0	262
2498	3	0	261
2499	3	0	260
2500	3	0	259
2501	3	0	258
2502	3	0	257
2503	3	0	256
2504	3	0	271
2505	3	0	270
2506	3	0	269
2507	3	0	268
2508	3	0	267
2509	3	0	266
2510	3	0	265
2511	3	0	264
2512	3	0	279
2513	3	0	278
2514	3	0	277
2515	3	0	276
2516	3	0	275
2517	3	0	274
2518	3	0	273
2519	3	0	272
2520	3	0	287
2521	3	0	286
2522	3	0	285
2523	3	0	284
2524	3	0	283
2525	3	0	282
2526	3	0	281
2527	3	0	280
2528	3	0	295
2529	3	0	294
2530	3	0	293
2531	3	0	292
2532	3	0	291
2533	3	0	290
2534	3	0	289
2535	3	0	288
2536	3	0	303
2537	3	0	302
2538	3	0	301
2539	3	0	300
2540	3	0	299
2541	3	0	298
2542	3	0	297
2543	3	0	296
2544	3	0	311
2545	3	0	310
2546	3	0	309
2547	3	0	308
2548	3	0	307
2549	3	0	306
2550	3	0	305
2551	3	0	304
2552	3	0	319
2553	3	0	318
2554	3	0	317
2555	3	0	316
2556	3	0	315
2557	3	0	314
2558	3	0	313
2559	3	0	312
2560	0	0	327
2561	0	0	326
2562	0	0	325
2563	0	0	324
2564	0	0	323
2565	0	0	322
2566	0	0	321
2567	0	0	320
2568	0	0	335
2569	0	0	334
2570	0	0	333
2571	0	0	332
2572	0	0	331
2573	0	0	330
2574	0	0	329
2575	0	0	328
2576	0	0	343
2577	0	0	342
2578	0	0	341
2579	0	0	340
2580	0	0	339
2581	0	0	338
2582	0	0	337
2583	0	0	336
2584	0	0	351
2585	0	0	350
2586	0	0	349
2587	0	0	348
2588	0	0	347
2589	0	0	346
2590	0	0	345
2591	0	0	344
2592	0	0	359
2593	0	0	358
2594	0	0	357
2595	0	0	356
2596	0	0	355
2597	0	0	354
2598	0	0	353
2599	0	0	352
2600	0	0	367
2601	0	0	366
2602	0	0	365
2603	0	0	364
2604	0	0	363
2605	0	0	362
2606	0	0	361
2607	0	0	360
2608	0	0	375
2609	0	0	374
2610	0	0	373
2611	0	0	372
2612	0	0	371
2613	0	0	370
2614	0	0	369
2615	0	0	368
2616	0	0	383
2617	0	0	382
2618	0	0	381
2619	0	0	380
2620	0	0	379
2621	0	0	378
2622	0	0	377
2623	0	0	376
2624	0	0	391
2625	0	0	390
2626	0	0	389
2627	0	0	388
2628	0	0	387
2629	0	0	386
2630	0	0	385
2631	0	0	384
2632	0	0	399
2633	0	0	398
2634	0	0	397
2635	0	0	396
2636	0	0	395
2637	0	0	394
2638	0	0	393
2639	0	0	392
2640	0	0	407
2641	0	0	406
2642	0	0	405
2643	0	0	404
2644	0	0	403
2645	0	0	402
2646	0	0	401
2647	0	0	400
2648	0	0	415
2649	0	0	414
2650	0	0	413
2651	0	0	412
2652	0	0	411
2653	0	0	410
2654	0	0	409
2655	0	0	408
2656	0	0	423
2657	0	0	422
2658	0	0	421
2659	0	0	420
2660	0	0	419
2661	0	0	418
2662	0	0	417
2663	0	0	416
2664	0	0	431
2665	0	0	430
2666	0	0	429
2667	0	0	428
2668	0	0	427
2669	0	0	426
2670	0	0	425
2671	0	0	424
2672	0	0	439
2673	0	0	438
2674	0	0	437
2675	0	0	436
2676	0	0	435
2677	0	0	434
2678	0	0	433
2679	0	0	432
2680	0	0	447
2681	0	0	446
2682	0	0	445
2683	0	0	444
2684	0	0	443
2685	0	0	442
2686	0	0	441
2687	0	0	440
2688	0	0	455
2689	0	0	454
2690	0	0	453
2691	0	0	452
2692	0	0	451
2693	0	0	450
2694	0	0	449
2695	0	0	448
2696	0	0	463
2697	0	0	462
2698	0	0	461
2699	0	0	460
2700	0	0	459
2701	0	0	458
2702	0	0	457
2703	0	0	456
2704	0	0	471
2705	0	0	470
2706	0	0	469
2707	0	0	468
2708	0	0	467
2709	0	0	466
2710	0	0	465
2711	0	0	464
2712	0	0	479
2713	0	0	478
2714	0	0	477
2715	0	0	476
2716	0	0	475
2717	0	0	474
2718	0	0	473
2719	0	0	472
2720	0	0	487
2721	0	0	486
2722	0	0	485
2723	0	0	484
2724	0	0	483
2725	0	0	482
2726	0	0	481
2727	0	0	480
2728	0	0	495
2729	0	0	494
2730	0	0	493
2731	0	0	492
2732	0	0	491
2733	0	0	490
2734	0	0	489
2735	0	0	488
2736	0	0	503
2737	0	0	502
2738	0	0	501
2739	0	0	500
2740	0	0	499
2741	0	0	498
2742	0	0	497
2743	0	0	496
2744	0	0	511
2745	0	0	510
2746	0	0	509
2747	0	0	508
2748	0	0	507
2749	0	0	506
2750	0	0	505
2751	0	0	504
2752	0	0	519
2753	0	0	518
2754	0	0	517
2755	0	0	516
2756	0	0	515
2757	0	0	514
2758	0	0	513
2759	0	0	512
2760	0	0	527
2761	0	0	526
2762	0	0	525
2763	0	0	524
2764	0	0	523
2765	0	0	522
2766	0	0	521
2767	0	0	520
2768	0	0	535
2769	0	0	534
2770	0	0	533
2771	0	0	532
2772	0	0	531
2773	0	0	530
2774	0	0	529
2775	0	0	528
2776	0	0	543
2777	0	0	542
2778	0	0	541
2779	0	0	540
2780	0	0	539
2781	0	0	538
2782	0	0	537
2783	0	0	536
2784	0	0	551
2785	0	0	550
2786	0	0	549
2787	0	0	548
2788	0	0	547
2789	0	0	546
2790	0	0	545
2791	0	0	544
2792	0	0	559
2793	0	0	558
2794	0	0	557
2795	0	0	556
2796	0	0	555
2797	0	0	554
2798	0	0	553
2799	0	0	552
2800	0	0	567
2801	0	0	566
2802	0	0	565
2803	0	0	564
2804	0	0	563
2805	0	0	562
2806	0	0	561
2807	0	0	560
2808	0	0	575
2809	0	0	574
2810	0	0	573
2811	0	0	572
2812	0	0	571
2813	0	0	570
2814	0	0	569
2815	0	0	568
2816	0	0	583
2817	0	0	582
2818	0	0	581
2819	0	0	580
2820	0	0	579
2821	0	0	578
2822	0	0	577
2823	0	0	576
2824	0	0	591
2825	0	0	590
2826	0	0	589
2827	0	0	588
2828	0	0	587
2829	0	0	586
2830	0	0	585
2831	0	0	584
2832	0	0	599
2833	0	0	598
2834	0	0	597
2835	0	0	596
2836	0	0	595
2837	0	0	594
2838	0	0	593
2839	0	0	592
2840	0	0	607
2841	0	0	606
2842	0	0	605
2843	0	0	604
2844	0	0	603
2845	0	0	602
2846	0	0	601
2847	0	0	600
2848	0	0	615
2849	0	0	614
2850	0	0	613
2851	0	0	612
2852	0	0	611
2853	0	0	610
2854	0	0	609
2855	0	0	608
2856	0	0	623
2857	0	0	622
2858	0	0	621
2859	0	0	620
2860	0	0	619
2861	0	0	618
2862	0	0	617
2863	0	0	616
2864	0	0	631
2865	0	0	630
2866	0	0	629
2867	0	0	628
2868	0	0	627
2869	0	0	626
2870	0	0	625
2871	0	0	624
2872	0	0	639
2873	0	0	638
2874	0	0	637
2875	0	0	636
2876	0	0	635
2877	0	0	634
2878	0	0	633
2879	0	0	632
2880	3	0	327
2881	3	0	326
2882	3	0	325
2883	3	0	324
2884	3	0	323
2885	3	0	322
2886	3	0	321
2887	3	0	320
2888	3	0	335
2889	3	0	334
2890	3	0	333
2891	3	0	332
2892	3	0	331
2893	3	0	330
2894	3	0	329
2895	3	0	328
2896	3	0	343
2897	3	0	342
2898	3	0	341
2899	3	0	340
2900	3	0	339
2901	3	0	338
2902	3	0	337
2903	3	0	336
2904	3	0	351
2905	3	0	350
2906	3	0	349
2907	3	0	348
2908	3	0	347
2909	3	0	346
2910	3	0	345
2911	3	0	344
2912	3	0	359
2913	3	0	358
2914	3	0	357
2915	3	0	356
2916	3	0	355
2917	3	0	354
2918	3	0	353
2919	3	0	352
2920	3	0	367
2921	3	0	366
2922	3	0	365
2923	3	0	364
2924	3	0	363
2925	3	0	362
2926	3	0	361
2927	3	0	360
2928	3	0	375
2929	3	0	374
2930	3	0	373
2931	3	0	372
2932	3	0	371
2933	3	0	370
2934	3	0	369
2935	3	0	368
2936	3	0	383
2937	3	0	382
2938	3	0	381
2939	3	0	380
2940	3	0	379
2941	3	0	378
2942	3	0	377
2943	3	0	376
2944	3	0	391
2945	3	0	390
2946	3	0	389
2947	3	0	388
2948	3	0	387
2949	3	0	386
2950	3	0	385
2951	3	0	384
2952	3	0	399
2953	3	0	398
2954	3	0	397
2955	3	0	396
2956	3	0	395
2957	3	0	394
2958	3	0	393
2959	3	0	392
2960	3	0	407
2961	3	0	406
2962	3	0	405
2963	3	0	404
2964	3	0	403
2965	3	0	402
2966	3	0	401
2967	3	0	400
2968	3	0	415
2969	3	0	414
2970	3	0	413
2971	3	0	412
2972	3	0	411
2973	3	0	410
2974	3	0	409
2975	3	0	408
2976	3	0	423
2977	3	0	422
2978	3	0	421
2979	3	0	420
2980	3	0	419
2981	3	0	418
2982	3	0	417
2983	3	0	416
2984	3	0	431
2985	3	0	430
2986	3	0	429
2987	3	0	428
2988	3	0	427
2989	3	0	426
2990	3	0	425
2991	3	0	424
2992	3	0	439
2993	3	0	438
2994	3	0	437
2995	3	0	436
2996	3	0	435
2997	3	0	434
2998	3	0	433
2999	3	0	432
3000	3	0	447
3001	3	0	446
3002	3	0	445
3003	3	0	444
3004	3	0	443
3005	3	0	442
3006	3	0	441
3007	3	0	440
3008	3	0	455
3009	3	0	454
3010	3	0	453
3011	3	0	452
3012	3	0	451
3013	3	0	450
3014	3	0	449
3015	3	0	448
3016	3	0	463
3017	3	0	462
3018	3	0	461
3019	3	0	460
3020	3	0	459
3021	3	0	458
3022	3	0	457
3023	3	0	456
3024	3	0	471
3025	3	0	470
3026	3	0	469
3027	3	0	468
3028	3	0	467
3029	3	0	466
3030	3	0	465
3031	3	0	464
3032	3	0	479
3033	3	0	478
3034	3	0	477
3035	3	0	476
3036	3	0	475
3037	3	0	474
3038	3	0	473
3039	3	0	472
3040	3	0	487
3041	3	0	486
3042	3	0	485
3043	3	0	484
3044	3	0	483
3045	3	0	482
3046	3	0	481
3047	3	0	480
3048	3	0	495
3049	3	0	494
3050	3	0	493
3051	3	0	492
3052	3	0	491
3053	3	0	490
3054	3	0	489
3055	3	0	488
3056	3	0	503
3057	3	0	502
3058	3	0	501
3059	3	0	500
3060	3	0	499
3061	3	0	498
3062	3	0	497
3063	3	0	496
3064	3	0	511
3065	3	0	510
3066	3	0	509
3067	3	0	508
3068	3	0	507
3069	3	0	506
3070	3	0	505
3071	3	0	504
3072	3	0	519
3073	3	0	518
3074	3	0	517
3075	3	0	516
3076	3	0	515
3077	3	0	514
3078	3	0	513
3079	3	0	512
3080	3	0	527
3081	3	0	526
3082	3	0	525
3083	3	0	524
3084	3	0	523
3085	3	0	522
3086	3	0	521
3087	3	0	520
3088	3	0	535
3089	3	0	534
3090	3	0	533
3091	3	0	532
3092	3	0	531
3093	3	0	530
3094	3	0	529
3095	3	0	528
3096	3	0	543
3097	3	0	542
3098	3	0	541
3099	3	0	540
3100	3	0	539
3101	3	0	538
3102	3	0	537
3103	3	0	536
3104	3	0	551
3105	3	0	550
3106	3	0	549
3107	3	0	548
3108	3	0	547
3109	3	0	546
3110	3	0	545
3111	3	0	544
3112	3	0	559
3113	3	0	558
3114	3	0	557
3115	3	0	556
3116	3	0	555
3117	3	0	554
3118	3	0	553
3119	3	0	552
3120	3	0	567
3121	3	0	566
3122	3	0	565
3123	3	0	564
3124	3	0	563
3125	3	0	562
3126	3	0	561
3127	3	0	560
3128	3	0	575
3129	3	0	574
3130	3	0	573
3131	3	0	572
3132	3	0	571
3133	3	0	570
3134	3	0	569
3135	3	0	568
3136	3	0	583
3137	3	0	582
3138	3	0	581
3139	3	0	580
3140	3	0	579
3141	3	0	578
3142	3	0	577
3143	3	0	576
3144	3	0	591
3145	3	0	590
3146	3	0	589
3147	3	0	588
3148	3	0	587
3149	3	0	586
3150	3	0	585
3151	3	0	584
3152	3	0	599
3153	3	0	598
3154	3	0	597
3155	3	0	596
3156	3	0	595
3157	3	0	594
3158	3	0	593
3159	3	0	592
3160	3	0	607
3161	3	0	606
3162	3	0	605
3163	3	0	604
3164	3	0	603
3165	3	0	602
3166	3	0	601
3167	3	0	600
3168	3	0	615
3169	3	0	614
3170	3	0	613
3171	3	0	612
3172	3	0	611
3173	3	0	610
3174	3	0	609
3175	3	0	608
3176	3	0	623
3177	3	0	622
3178	3	0	621
3179	3	0	620
3180	3	0	619
3181	3	0	618
3182	3	0	617
3183	3	0	616
3184	3	0	631
3185	3	0	630
3186	3	0	629
3187	3	0	628
3188	3	0	627
3189	3	0	626
3190	3	0	625
3191	3	0	624
3192	3	0	639
3193	3	0	638
3194	3	0	637
3195	3	0	636
3196	3	0	635
3197	3	0	634
3198	3	0	633
3199	3	0	632
3200	0	0	647
3201	0	0	646
3202	0	0	645
3203	0	0	644
3204	0	0	643
3205	0	0	642
3206	0	0	641
3207	0	0	640
3208	0	0	655
3209	0	0	654
3210	0	0	653
3211	0	0	652
3212	0	0	651
3213	0	0	650
3214	0	0	649
3215	0	0	648
3216	0	0	663
3217	0	0	662
3218	0	0	661
3219	0	0	660
3220	0	0	659
3221	0	0	658
3222	0	0	657
3223	0	0	656
3224	0	0	671
3225	0	0	670
3226	0	0	669
3227	0	0	668
3228	0	0	667
3229	0	0	666
3230	0	0	665
3231	0	0	664
3232	0	0	679
3233	0	0	678
3234	0	0	677
3235	0	0	676
3236	0	0	675
3237	0	0	674
3238	0	0	673
3239	0	0	672
3240	0	0	687
3241	0	0	686
3242	0	0	685
3243	0	0	684
3244	0	0	683
3245	0	0	682
3246	0	0	681
3247	0	0	680
3248	0	0	695
3249	0	0	694
3250	0	0	693
3251	0	0	692
3252	0	0	691
3253	0	0	690
3254	0	0	689
3255	0	0	688
3256	0	0	703
3257	0	0	702
3258	0	0	701
3259	0	0	700
3260	0	0	699
3261	0	0	698
3262	0	0	697
3263	0	0	696
3264	0	0	711
3265	0	0	710
3266	0	0	709
3267	0	0	708
3268	0	0	707
3269	0	0	706
3270	0	0	705
3271	0	0	704
3272	0	0	719
3273	0	0	718
3274	0	0	717
3275	0	0	716
3276	0	0	715
3277	0	0	714
3278	0	0	713
3279	0	0	712
3280	0	0	727
3281	0	0	726
3282	0	0	725
3283	0	0	724
3284	0	0	723
3285	0	0	722
3286	0	0	721
3287	0	0	720
3288	0	0	735
3289	0	0	734
3290	0	0	733
3291	0	0	732
3292	0	0	731
3293	0	0	730
3294	0	0	729
3295	0	0	728
3296	0	0	743
3297	0	0	742
3298	0	0	741
3299	0	0	740
3300	0	0	739
3301	0	0	738
3302	0	0	737
3303	0	0	736
3304	0	0	751
3305	0	0	750
3306	0	0	749
3307	0	0	748
3308	0	0	747
3309	0	0	746
3310	0	0	745
3311	0	0	744
3312	0	0	759
3313	0	0	758
3314	0	0	757
3315	0	0	756
3316	0	0	755
3317	0	0	754
3318	0	0	753
3319	0	0	752
3320	0	0	767
3321	0	0	766
3322	0	0	765
3323	0	0	764
3324	0	0	763
3325	0	0	762
3326	0	0	761
3327	0	0	760
3328	0	0	775
3329	0	0	774
3330	0	0	773
3331	0	0	772
3332	0	0	771
3333	0	0	770
3334	0	0	769
3335	0	0	768
3336	0	0	783
3337	0	0	782
3338	0	0	781
3339	0	0	780
3340	0	0	779
3341	0	0	778
3342	0	0	777
3343	0	0	776
3344	0	0	791
3345	0	0	790
3346	0	0	789
3347	0	0	788
3348	0	0	787
3349	0	0	786
3350	0	0	785
3351	0	0	784
3352	0	0	799
3353	0	0	798
3354	0	0	797
3355	0	0	796
3356	0	0	795
3357	0	0	794
3358	0	0	793
3359	0	0	792
3360	0	0	807
3361	0	0	806
3362	0	0	805
3363	0	0	804
3364	0	0	803
3365	0	0	802
3366	0	0	801
3367	0	0	800
3368	0	0	815
3369	0	0	814
3370	0	0	813
3371	0	0	812
3372	0	0	811
3373	0	0	810
3374	0	0	809
3375	0	0	808
3376	0	0	823
3377	0	0	822
3378	0	0	821
3379	0	0	820
3380	0	0	819
3381	0	0	818
3382	0	0	817
3383	0	0	816
3384	0	0	831
3385	0	0	830
3386	0	0	829
3387	0	0	828
3388	0	0	827
3389	0	0	826
3390	0	0	825
3391	0	0	824
3392	0	0	839
3393	0	0	838
3394	0	0	837
3395	0	0	836
3396	0	0	835
3397	0	0	834
3398	0	0	833
3399	0	0	832
3400	0	0	847
3401	0	0	846
3402	0	0	845
3403	0	0	844
3404	0	0	843
3405	0	0	842
3406	0	0	841
3407	0	0	840
3408	0	0	855
3409	0	0	854
3410	0	0	853
3411	0	0	852
3412	0	0	851
3413	0	0	850
3414	0	0	849
3415	0	0	848
3416	0	0	863
3417	0	0	862
3418	0	0	861
3419	0	0	860
3420	0	0	859
3421	0	0	858
3422	0	0	857
3423	0	0	856
3424	0	0	871
3425	0	0	870
3426	0	0	869
3427	0	0	868
3428	0	0	867
3429	0	0	866
3430	0	0	865
3431	0	0	864
3432	0	0	879
3433	0	0	878
3434	0	0	877
3435	0	0	876
3436	0	0	875
3437	0	0	874
3438	0	0	873
3439	0	0	872
3440	0	0	887
3441	0	0	886
3442	0	0	885
3443	0	0	884
3444	0	0	883
3445	0	0	882
3446	0	0	881
3447	0	0	880
3448	0	0	895
3449	0	0	894
3450	0	0	893
3451	0	0	892
3452	0	0	891
3453	0	0	890
3454	0	0	889
3455	0	0	888
3456	0	0	903
3457	0	0	902
3458	0	0	901
3459	0	0	900
3460	0	0	899
3461	0	0	898
3462	0	0	897
3463	0	0	896
3464	0	0	911
3465	0	0	910
3466	0	0	909
3467	0	0	908
3468	0	0	907
3469	0	0	906
3470	0	0	905
3471	0	0	904
3472	0	0	919
3473	0	0	918
3474	0	0	917
3475	0	0	916
3476	0	0	915
3477	0	0	914
3478	0	0	913
3479	0	0	912
3480	0	0	927
3481	0	0	926
3482	0	0	925
3483	0	0	924
3484	0	0	923
3485	0	0	922
3486	0	0	921
3487	0	0	920
3488	0	0	935
3489	0	0	934
3490	0	0	933
3491	0	0	932
3492	0	0	931
3493	0	0	930
3494	0	0	929
3495	0	0	928
3496	0	0	943
3497	0	0	942
3498	0	0	941
3499	0	0	940
3500	0	0	939
3501	0	0	938
3502	0	0	937
3503	0	0	936
3504	0	0	951
3505	0	0	950
3506	0	0	949
3507	0	0	948
3508	0	0	947
3509	0	0	946
3510	0	0	945
3511	0	0	944
3512	0	0	959
3513	0	0	958
3514	0	0	957
3515	0	0	956
3516	0	0	955
3517	0	0	954
3518	0	0	953
3519	0	0	952
3520	3	0	647
3521	3	0	646
3522	3	0	645
3523	3	0	644
3524	3	0	643
3525	3	0	642
3526	3	0	641
3527	3	0	640
3528	3	0	655
3529	3	0	654
3530	3	0	653
3531	3	0	652
3532	3	0	651
3533	3	0	650
3534	3	0	649
3535	3	0	648
3536	3	0	663
3537	3	0	662
3538	3	0	661
3539	3	0	660
3540	3	0	659
3541	3	0	658
3542	3	0	657
3543	3	0	656
3544	3	0	671
3545	3	0	670
3546	3	0	669
3547	3	0	668
3548	3	0	667
3549	3	0	666
3550	3	0	665
3551	3	0	664
3552	3	0	679
3553	3	0	678
3554	3	0	677
3555	3	0	676
3556	3	0	675
3557	3	0	674
3558	3	0	673
3559	3	0	672
3560	3	0	687
3561	3	0	686
3562	3	0	685
3563	3	0	684
3564	3	0	683
3565	3	0	682
3566	3	0	681
3567	3	0	680
3568	3	0	695
3569	3	0	694
3570	3	0	693
3571	3	0	692
3572	3	0	691
3573	3	0	690
3574	3	0	689
3575	3	0	688
3576	3	0	703
3577	3	0	702
3578	3	0	701
3579	3	0	700
3580	3	0	699
3581	3	0	698
3582	3	0	697
3583	3	0	696
3584	3	0	711
3585	3	0	710
3586	3	0	709
3587	3	0	708
3588	3	0	707
3589	3	0	706
3590	3	0	705
3591	3	0	704
3592	3	0	719
3593	3	0	718
3594	3	0	717
3595	3	0	716
3596	3	0	715
3597	3	0	714
3598	3	0	713
3599	3	0	712
3600	3	0	727
3601	3	0	726
3602	3	0	725
3603	3	0	724
3604	3	0	723
3605	3	0	722
3606	3	0	721
3607	3	0	720
3608	3	0	735
3609	3	0	734
3610	3	0	733
3611	3	0	732
3612	3	0	731
3613	3	0	730
3614	3	0	729
3615	3	0	728
3616	3	0	743
3617	3	0	742
3618	3	0	741
3619	3	0	740
3620	3	0	739
3621	3	0	738
3622	3	0	737
3623	3	0	736
3624	3	0	751
3625	3	0	750
3626	3	0	749
3627	3	0	748
3628	3	0	747
3629	3	0	746
3630	3	0	745
3631	3	0	744
3632	3	0	759
3633	3	0	758
3634	3	0	757
3635	3	0	756
3636	3	0	755
3637	3	0	754
3638	3	0	753
3639	3	0	752
3640	3	0	767
3641	3	0	766
3642	3	0	765
3643	3	0	764
3644	3	0	763
3645	3	0	762
3646	3	0	761
3647	3	0	760
3648	3	0	775
3649	3	0	774
3650	3	0	773
3651	3	0	772
3652	3	0	771
3653	3	0	770
3654	3	0	769
3655	3	0	768
3656	3	0	783
3657	3	0	782
3658	3	0	781
3659	3	0	780
3660	3	0	779
3661	3	0	778
3662	3	0	777
3663	3	0	776
3664	3	0	791
3665	3	0	790
3666	3	0	789
3667	3	0	788
3668	3	0	787
3669	3	0	786
3670	3	0	785
3671	3	0	784
3672	3	0	799
3673	3	0	798
3674	3	0	797
3675	3	0	796
3676	3	0	795
3677	3	0	794
3678	3	0	793
3679	3	0	792
3680	3	0	807
3681	3	0	806
3682	3	0	805
3683	3	0	804
3684	3	0	803
3685	3	0	802
3686	3	0	801
3687	3	0	800
3688	3	0	815
3689	3	0	814
3690	3	0	813
3691	3	0	812
3692	3	0	811
3693	3	0	810
3694	3	0	809
3695	3	0	808
3696	3	0	823
3697	3	0	822
3698	3	0	821
3699	3	0	820
3700	3	0	819
3701	3	0	818
3702	3	0	817
3703	3	0	816
3704	3	0	831
3705	3	0	830
3706	3	0	829
3707	3	0	828
3708	3	0	827
3709	3	0	826
3710	3	0	825
3711	3	0	824
3712	3	0	839
3713	3	0	838
3714	3	0	837
3715	3	0	836
3716	3	0	835
3717	3	0	834
3718	3	0	833
3719	3	0	832
3720	3	0	847
3721	3	0	846
3722	3	0	845
3723	3	0	844
3724	3	0	843
3725	3	0	842
3726	3	0	841
3727	3	0	840
3728	3	0	855
3729	3	0	854
3730	3	0	853
3731	3	0	852
3732	3	0	851
3733	3	0	850
3734	3	0	849
3735	3	0	848
3736	3	0	863
3737	3	0	862
3738	3	0	861
3739	3	0	860
3740	3	0	859
3741	3	0	858
3742	3	0	857
3743	3	0	856
3744	3	0	871
3745	3	0	870
3746	3	0	869
3747	3	0	868
3748	3	0	867
3749	3	0	866
3750	3	0	865
3751	3	0	864
3752	3	0	879
3753	3	0	878
3754	3	0	877
3755	3	0	876
3756	3	0	875
3757	3	0	874
3758	3	0	873
3759	3	0	872
3760	3	0	887
3761	3	0	886
3762	3	0	885
3763	3	0	884
3764	3	0	883
3765	3	0	882
3766	3	0	881
3767	3	0	880
3768	3	0	895
3769	3	0	894
3770	3	0	893
3771	3	0	892
3772	3	0	891
3773	3	0	890
3774	3	0	889
3775	3	0	888
3776	3	0	903
3777	3	0	902
3778	3	0	901
3779	3	0	900
3780	3	0	899
3781	3	0	898
3782	3	0	897
3783	3	0	896
3784	3	0	911
3785	3	0	910
3786	3	0	909
3787	3	0	908
3788	3	0	907
3789	3	0	906
3790	3	0	905
3791	3	0	904
3792	3	0	919
3793	3	0	918
3794	3	0	917
3795	3	0	916
3796	3	0	915
3797	3	0	914
3798	3	0	913
3799	3	0	912
3800	3	0	927
3801	3	0	926
3802	3	0	925
3803	3	0	924
3804	3	0	923
3805	3	0	922
3806	3	0	921
3807	3	0	920
3808	3	0	935
3809	3	0	934
3810	3	0	933
3811	3	0	932
3812	3	0	931
3813	3	0	930
3814	3	0	929
3815	3	0	928
3816	3	0	943
3817	3	0	942
3818	3	0	941
3819	3	0	940
3820	3	0	939
3821	3	0	938
3822	3	0	937
3823	3	0	936
3824	3	0	951
3825	3	0	950
3826	3	0	949
3827	3	0	948
3828	3	0	947
3829	3	0	946
3830	3	0	945
3831	3	0	944
3832	3	0	959
3833	3	0	958
3834	3	0	957
3835	3	0	956
3836	3	0	955
3837	3	0	954
3838	3	0	953
3839	3	0	952
3840	0	1	903
3841	0	1	902
3842	0	1	901
3843	0	1	900
3844	0	1	899
3845	0	1	898
3846	0	1	897
3847	0	1	896
3848	0	1	911
3849	0	1	910
3850	0	1	909
3851	0	1	908
3852	0	1	907
3853	0	1	906
3854	0	1	905
3855	0	1	904
3856	0	1	919
3857	0	1	918
3858	0	1	917
3859	0	1	916
3860	0	1	915
3861	0	1	914
3862	0	1	913
3863	0	1	912
3864	0	1	927
3865	0	1	926
3866	0	1	925
3867	0	1	924
3868	0	1	923
3869	0	1	922
3870	0	1	921
3871	0	1	920
3872	0	1	935
3873	0	1	934
3874	0	1	933
3875	0	1	932
3876	0	1	931
3877	0	1	930
3878	0	1	929
3879	0	1	928
3880	0	1	943
3881	0	1	942
3882	0	1	941
3883	0	1	940
3884	0	1	939
3885	0	1	938
3886	0	1	937
3887	0	1	936
3888	0	1	951
3889	0	1	950
3890	0	1	949
3891	0	1	948
3892	0	1	947
3893	0	1	946
3894	0	1	945
3895	0	1	944
3896	0	1	959
3897	0	1	958
3898	0	1	957
3899	0	1	956
3900	0	1	955
3901	0	1	954
3902	0	1	953
3903	0	1	952
3904	0	1	839
3905	0	1	838
3906	0	1	837
3907	0	1	836
3908	0	1	835
3909	0	1	834
3910	0	1	833
3911	0	1	832
3912	0	1	847
3913	0	1	846
3914	0	1	845
3915	0	1	844
3916	0	1	843
3917	0	1	842
3918	0	1	841
3919	0	1	840
3920	0	1	855
3921	0	1	854
3922	0	1	853
3923	0	1	852
3924	0	1	851
3925	0	1	850
3926	0	1	849
3927	0	1	848
3928	0	1	863
3929	0	1	862
3930	0	1	861
3931	0	1	860
3932	0	1	859
3933	0	1	858
3934	0	1	857
3935	0	1	856
3936	0	1	871
3937	0	1	870
3938	0	1	869
3939	0	1	868
3940	0	1	867
3941	0	1	866
3942	0	1	865
3943	0	1	864
3944	0	1	879
3945	0	1	878
3946	0	1	877
3947	0	1	876
3948	0	1	875
3949	0	1	874
3950	0	1	873
3951	0	1	872
3952	0	1	887
3953	0	1	886
3954	0	1	885
3955	0	1	884
3956	0	1	883
3957	0	1	882
3958	0	1	881
3959	0	1	880
3960	0	1	895
3961	0	1	894
3962	0	1	893
3963	0	1	892
3964	0	1	891
3965	0	1	890
3966	0	1	889
3967	0	1	888
3968	0	1	775
3969	0	1	774
3970	0	1	773
3971	0	1	772
3972	0	1	771
3973	0	1	770
3974	0	1	769
3975	0	1	768
3976	0	1	783
3977	0	1	782
3978	0	1	781
3979	0	1	780
3980	0	1	779
3981	0	1	778
3982	0	1	777
3983	0	1	776
3984	0	1	791
3985	0	1	790
3986	0	1	789
3987	0	1	788
3988	0	1	787
3989	0	1	786
3990	0	1	785
3991	0	1	784
3992	0	1	799
3993	0	1	798
3994	0	1	797
3995	0	1	796
3996	0	1	795
3997	0	1	794
3998	0	1	793
3999	0	1	792
4000	0	1	807
4001	0	1	806
4002	0	1	805
4003	0	1	804
4004	0	1	803
4005	0	1	802
4006	0	1	801
4007	0	1	800
4008	0	1	815
4009	0	1	814
4010	0	1	813
4011	0	1	812
4012	0	1	811
4013	0	1	810
4014	0	1	809
4015	0	1	808
4016	0	1	823
4017	0	1	822
4018	0	1	821
4019	0	1	820
4020	0	1	819
4021	0	1	818
4022	0	1	817
4023	0	1	816
4024	0	1	831
4025	0	1	830
4026	0	1	829
4027	0	1	828
4028	0	1	827
4029	0	1	826
4030	0	1	825
4031	0	1	824
4032	0	1	711
4033	0	1	710
4034	0	1	709
4035	0	1	708
4036	0	1	707
4037	0	1	706
4038	0	1	705
4039	0	1	704
4040	0	1	719
4041	0	1	718
4042	0	1	717
4043	0	1	716
4044	0	1	715
4045	0	1	714
4046	0	1	713
4047	0	1	712
4048	0	1	727
4049	0	1	726
4050	0	1	725
4051	0	1	724
4052	0	1	723
4053	0	1	722
4054	0	1	721
4055	0	1	720
4056	0	1	735
4057	0	1	734
4058	0	1	733
4059	0	1	732
4060	0	1	731
4061	0	1	730
4062	0	1	729
4063	0	1	728
4064	0	1	743
4065	0	1	742
4066	0	1	741
4067	0	1	740
4068	0	1	739
4069	0	1	738
4070	0	1	737
4071	0	1	736
4072	0	1	751
4073	0	1	750
4074	0	1	749
4075	0	1	748
4076	0	1	747
4077	0	1	746
4078	0	1	745
4079	0	1	744
4080	0	1	759
4081	0	1	758
4082	0	1	757
4083	0	1	756
4084	0	1	755
4085	0	1	754
4086	0	1	753
4087	0	1	752
4088	0	1	767
4089	0	1	766
4090	0	1	765
4091	0	1	764
4092	0	1	763
4093	0	1	762
4094	0	1	761
4095	0	1	760
4096	0	1	647
4097	0	1	646
4098	0	1	645
4099	0	1	644
4100	0	1	643
4101	0	1	642
4102	0	1	641
4103	0	1	640
4104	0	1	655
4105	0	1	654
4106	0	1	653
4107	0	1	652
4108	0	1	651
4109	0	1	650
4110	0	1	649
4111	0	1	648
4112	0	1	663
4113	0	1	662
4114	0	1	661
4115	0	1	660
4116	0	1	659
4117	0	1	658
4118	0	1	657
4119	0	1	656
4120	0	1	671
4121	0	1	670
4122	0	1	669
4123	0	1	668
4124	0	1	667
4125	0	1	666
4126	0	1	665
4127	0	1	664
4128	0	1	679
4129	0	1	678
4130	0	1	677
4131	0	1	676
4132	0	1	675
4133	0	1	674
4134	0	1	673
4135	0	1	672
4136	0	1	687
4137	0	1	686
4138	0	1	685
4139	0	1	684
4140	0	1	683
4141	0	1	682
4142	0	1	681
4143	0	1	680
4144	0	1	695
4145	0	1	694
4146	0	1	693
4147	0	1	692
4148	0	1	691
4149	0	1	690
4150	0	1	689
4151	0	1	688
4152	0	1	703
4153	0	1	702
4154	0	1	701
4155	0	1	700
4156	0	1	699
4157	0	1	698
4158	0	1	697
4159	0	1	696
4160	1	1	903
4161	1	1	902
4162	1	1	901
4163	1	1	900
4164	1	1	899
4165	1	1	898
4166	1	1	897
4167	1	1	896
4168	1	1	911
4169	1	1	910
4170	1	1	909
4171	1	1	908
4172	1	1	907
4173	1	1	906
4174	1	1	905
4175	1	1	904
4176	1	1	919
4177	1	1	918
4178	1	1	917
4179	1	1	916
4180	1	1	915
4181	1	1	914
4182	1	1	913
4183	1	1	912
4184	1	1	927
4185	1	1	926
4186	1	1	925
4187	1	1	924
4188	1	1	923
4189	1	1	922
4190	1	1	921
4191	1	1	920
4192	1	1	935
4193	1	1	934
4194	1	1	933
4195	1	1	932
4196	1	1	931
4197	1	1	930
4198	1	1	929
4199	1	1	928
4200	1	1	943
4201	1	1	942
4202	1	1	941
4203	1	1	940
4204	1	1	939
4205	1	1	938
4206	1	1	937
4207	1	1	936
4208	1	1	951
4209	1	1	950
4210	1	1	949
4211	1	1	948
4212	1	1	947
4213	1	1	946
4214	1	1	945
4215	1	1	944
4216	1	1	959
4217	1	1	958
4218	1	1	957
4219	1	1	956
4220	1	1	955
4221	1	1	954
4222	1	1	953
4223	1	1	952
4224	1	1	839
4225	1	1	838
4226	1	1	837
4227	1	1	836
4228	1	1	835
4229	1	1	834
4230	1	1	833
4231	1	1	832
4232	1	1	847
4233	1	1	846
4234	1	1	845
4235	1	1	844
4236	1	1	843
4237	1	1	842
4238	1	1	841
4239	1	1	840
4240	1	1	855
4241	1	1	854
4242	1	1	853
4243	1	1	852
4244	1	1	851
4245	1	1	850
4246	1	1	849
4247	1	1	848
4248	1	1	863
4249	1	1	862
4250	1	1	861
4251	1	1	860
4252	1	1	859
4253	1	1	858
4254	1	1	857
4255	1	1	856
4256	1	1	871
4257	1	1	870
4258	1	1	869
4259	1	1	868
4260	1	1	867
4261	1	1	866
4262	1	1	865
4263	1	1	864
4264	1	1	879
4265	1	1	878
4266	1	1	877
4267	1	1	876
4268	1	1	875
4269	1	1	874
4270	1	1	873
4271	1	1	872
4272	1	1	887
4273	1	1	886
4274	1	1	885
4275	1	1	884
4276	1	1	883
4277	1	1	882
4278	1	1	881
4279	1	1	880
4280	1	1	895
4281	1	1	894
4282	1	1	893
4283	1	1	892
4284	1	1	891
4285	1	1	890
4286	1	1	889
4287	1	1	888
4288	1	1	775
4289	1	1	774
4290	1	1	773
4291	1	1	772
4292	1	1	771
4293	1	1	770
4294	1	1	769
4295	1	1	768
4296	1	1	783
4297	1	1	782
4298	1	1	781
4299	1	1	780
4300	1	1	779
4301	1	1	778
4302	1	1	777
4303	1	1	776
4304	1	1	791
4305	1	1	790
4306	1	1	789
4307	1	1	788
4308	1	1	787
4309	1	1	786
4310	1	1	785
4311	1	1	784
4312	1	1	799
4313	1	1	798
4314	1	1	797
4315	1	1	796
4316	1	1	795
4317	1	1	794
4318	1	1	793
4319	1	1	792
4320	1	1	807
4321	1	1	806
4322	1	1	805
4323	1	1	804
4324	1	1	803
4325	1	1	802
4326	1	1	801
4327	1	1	800
4328	1	1	815
4329	1	1	814
4330	1	1	813
4331	1	1	812
4332	1	1	811
4333	1	1	810
4334	1	1	809
4335	1	1	808
4336	1	1	823
4337	1	1	822
4338	1	1	821
4339	1	1	820
4340	1	1	819
4341	1	1	818
4342	1	1	817
4343	1	1	816
4344	1	1	831
4345	1	1	830
4346	1	1	829
4347	1	1	828
4348	1	1	827
4349	1	1	826
4350	1	1	825
4351	1	1	824
4352	1	1	711
4353	1	1	710
4354	1	1	709
4355	1	1	708
4356	1	1	707
4357	1	1	706
4358	1	1	705
4359	1	1	704
4360	1	1	719
4361	1	1	718
4362	1	1	717
4363	1	1	716
4364	1	1	715
4365	1	1	714
4366	1	1	713
4367	1	1	712
4368	1	1	727
4369	1	1	726
4370	1	1	725
4371	1	1	724
4372	1	1	723
4373	1	1	722
4374	1	1	721
4375	1	1	720
4376	1	1	735
4377	1	1	734
4378	1	1	733
4379	1	1	732
4380	1	1	731
4381	1	1	730
4382	1	1	729
4383	1	1	728
4384	1	1	743
4385	1	1	742
4386	1	1	741
4387	1	1	740
4388	1	1	739
4389	1	1	738
4390	1	1	737
4391	1	1	736
4392	1	1	751
4393	1	1	750
4394	1	1	749
4395	1	1	748
4396	1	1	747
4397	1	1	746
4398	1	1	745
4399	1	1	744
4400	1	1	759
4401	1	1	758
4402	1	1	757
4403	1	1	756
4404	1	1	755
4405	1	1	754
4406	1	1	753
4407	1	1	752
4408	1	1	767
4409	1	1	766
4410	1	1	765
4411	1	1	764
4412	1	1	763
4413	1	1	762
4414	1	1	761
4415	1	1	760
4416	1	1	647
4417	1	1	646
4418	1	1	645
4419	1	1	644
4420	1	1	643
4421	1	1	642
4422	1	1	641
4423	1	1	640
4424	1	1	655
4425	1	1	654
4426	1	1	653
4427	1	1	652
4428	1	1	651
4429	1	1	650
4430	1	1	649
4431	1	1	648
4432	1	1	663
4433	1	1	662
4434	1	1	661
4435	1	1	660
4436	1	1	659
4437	1	1	658
4438	1	1	657
4439	1	1	656
4440	1	1	671
4441	1	1	670
4442	1	1	669
4443	1	1	668
4444	1	1	667
4445	1	1	666
4446	1	1	665
4447	1	1	664
4448	1	1	679
4449	1	1	678
4450	1	1	677
4451	1	1	676
4452	1	1	675
4453	1	1	674
4454	1	1	673
4455	1	1	672
4456	1	1	687
4457	1	1	686
4458	1	1	685
4459	1	1	684
4460	1	1	683
4461	1	1	682
4462	1	1	681
4463	1	1	680
4464	1	1	695
4465	1	1	694
4466	1	1	693
4467	1	1	692
4468	1	1	691
4469	1	1	690
4470	1	1	689
4471	1	1	688
4472	1	1	703
4473	1	1	702
4474	1	1	701
4475	1	1	700
4476	1	1	699
4477	1	1	698
4478	1	1	697
4479	1	1	696
4480	0	1	583
4481	0	1	582
4482	0	1	581
4483	0	1	580
4484	0	1	579
4485	0	1	578
4486	0	1	577
4487	0	1	576
4488	0	1	591
4489	0	1	590
4490	0	1	589
4491	0	1	588
4492	0	1	587
4493	0	1	586
4494	0	1	585
4495	0	1	584
4496	0	1	599
4497	0	1	598
4498	0	1	597
4499	0	1	596
4500	0	1	595
4501	0	1	594
4502	0	1	593
4503	0	1	592
4504	0	1	607
4505	0	1	606
4506	0	1	605
4507	0	1	604
4508	0	1	603
4509	0	1	602
4510	0	1	601
4511	0	1	600
4512	0	1	615
4513	0	1	614
4514	0	1	613
4515	0	1	612
4516	0	1	611
4517	0	1	610
4518	0	1	609
4519	0	1	608
4520	0	1	623
4521	0	1	622
4522	0	1	621
4523	0	1	620
4524	0	1	619
4525	0	1	618
4526	0	1	617
4527	0	1	616
4528	0	1	631
4529	0	1	630
4530	0	1	629
4531	0	1	628
4532	0	1	627
4533	0	1	626
4534	0	1	625
4535	0	1	624
4536	0	1	639
4537	0	1	638
4538	0	1	637
4539	0	1	636
4540	0	1	635
4541	0	1	634
4542	0	1	633
4543	0	1	632
4544	0	1	519
4545	0	1	518
4546	0	1	517
4547	0	1	516
4548	0	1	515
4549	0	1	514
4550	0	1	513
4551	0	1	512
4552	0	1	527
4553	0	1	526
4554	0	1	525
4555	0	1	524
4556	0	1	523
4557	0	1	522
4558	0	1	521
4559	0	1	520
4560	0	1	535
4561	0	1	534
4562	0	1	533
4563	0	1	532
4564	0	1	531
4565	0	1	530
4566	0	1	529
4567	0	1	528
4568	0	1	543
4569	0	1	542
4570	0	1	541
4571	0	1	540
4572	0	1	539
4573	0	1	538
4574	0	1	537
4575	0	1	536
4576	0	1	551
4577	0	1	550
4578	0	1	549
4579	0	1	548
4580	0	1	547
4581	0	1	546
4582	0	1	545
4583	0	1	544
4584	0	1	559
4585	0	1	558
4586	0	1	557
4587	0	1	556
4588	0	1	555
4589	0	1	554
4590	0	1	553
4591	0	1	552
4592	0	1	567
4593	0	1	566
4594	0	1	565
4595	0	1	564
4596	0	1	563
4597	0	1	562
4598	0	1	561
4599	0	1	560
4600	0	1	575
4601	0	1	574
4602	0	1	573
4603	0	1	572
4604	0	1	571
4605	0	1	570
4606	0	1	569
4607	0	1	568
4608	0	1	455
4609	0	1	454
4610	0	1	453
4611	0	1	452
4612	0	1	451
4613	0	1	450
4614	0	1	449
4615	0	1	448
4616	0	1	463
4617	0	1	462
4618	0	1	461
4619	0	1	460
4620	0	1	459
4621	0	1	458
4622	0	1	457
4623	0	1	456
4624	0	1	471
4625	0	1	470
4626	0	1	469
4627	0	1	468
4628	0	1	467
4629	0	1	466
4630	0	1	465
4631	0	1	464
4632	0	1	479
4633	0	1	478
4634	0	1	477
4635	0	1	476
4636	0	1	475
4637	0	1	474
4638	0	1	473
4639	0	1	472
4640	0	1	487
4641	0	1	486
4642	0	1	485
4643	0	1	484
4644	0	1	483
4645	0	1	482
4646	0	1	481
4647	0	1	480
4648	0	1	495
4649	0	1	494
4650	0	1	493
4651	0	1	492
4652	0	1	491
4653	0	1	490
4654	0	1	489
4655	0	1	488
4656	0	1	503
4657	0	1	502
4658	0	1	501
4659	0	1	500
4660	0	1	499
4661	0	1	498
4662	0	1	497
4663	0	1	496
4664	0	1	511
4665	0	1	510
4666	0	1	509
4667	0	1	508
4668	0	1	507
4669	0	1	506
4670	0	1	505
4671	0	1	504
4672	0	1	391
4673	0	1	390
4674	0	1	389
4675	0	1	388
4676	0	1	387
4677	0	1	386
4678	0	1	385
4679	0	1	384
4680	0	1	399
4681	0	1	398
4682	0	1	397
4683	0	1	396
4684	0	1	395
4685	0	1	394
4686	0	1	393
4687	0	1	392
4688	0	1	407
4689	0	1	406
4690	0	1	405
4691	0	1	404
4692	0	1	403
4693	0	1	402
4694	0	1	401
4695	0	1	400
4696	0	1	415
4697	0	1	414
4698	0	1	413
4699	0	1	412
4700	0	1	411
4701	0	1	410
4702	0	1	409
4703	0	1	408
4704	0	1	423
4705	0	1	422
4706	0	1	421
4707	0	1	420
4708	0	1	419
4709	0	1	418
4710	0	1	417
4711	0	1	416
4712	0	1	431
4713	0	1	430
4714	0	1	429
4715	0	1	428
4716	0	1	427
4717	0	1	426
4718	0	1	425
4719	0	1	424
4720	0	1	439
4721	0	1	438
4722	0	1	437
4723	0	1	436
4724	0	1	435
4725	0	1	434
4726	0	1	433
4727	0	1	432
4728	0	1	447
4729	0	1	446
4730	0	1	445
4731	0	1	444
4732	0	1	443
4733	0	1	442
4734	0	1	441
4735	0	1	440
4736	0	1	327
4737	0	1	326
4738	0	1	325
4739	0	1	324
4740	0	1	323
4741	0	1	322
4742	0	1	321
4743	0	1	320
4744	0	1	335
4745	0	1	334
4746	0	1	333
4747	0	1	332
4748	0	1	331
4749	0	1	330
4750	0	1	329
4751	0	1	328
4752	0	1	343
4753	0	1	342
4754	0	1	341
4755	0	1	340
4756	0	1	339
4757	0	1	338
4758	0	1	337
4759	0	1	336
4760	0	1	351
4761	0	1	350
4762	0	1	349
4763	0	1	348
4764	0	1	347
4765	0	1	346
4766	0	1	345
4767	0	1	344
4768	0	1	359
4769	0	1	358
4770	0	1	357
4771	0	1	356
4772	0	1	355
4773	0	1	354
4774	0	1	353
4775	0	1	352
4776	0	1	367
4777	0	1	366
4778	0	1	365
4779	0	1	364
4780	0	1	363
4781	0	1	362
4782	0	1	361
4783	0	1	360
4784	0	1	375
4785	0	1	374
4786	0	1	373
4787	0	1	372
4788	0	1	371
4789	0	1	370
4790	0	1	369
4791	0	1	368
4792	0	1	383
4793	0	1	382
4794	0	1	381
4795	0	1	380
4796	0	1	379
4797	0	1	378
4798	0	1	377
4799	0	1	376
4800	1	1	583
4801	1	1	582
4802	1	1	581
4803	1	1	580
4804	1	1	579
4805	1	1	578
4806	1	1	577
4807	1	1	576
4808	1	1	591
4809	1	1	590
4810	1	1	589
4811	1	1	588
4812	1	1	587
4813	1	1	586
4814	1	1	585
4815	1	1	584
4816	1	1	599
4817	1	1	598
4818	1	1	597
4819	1	1	596
4820	1	1	595
4821	1	1	594
4822	1	1	593
4823	1	1	592
4824	1	1	607
4825	1	1	606
4826	1	1	605
4827	1	1	604
4828	1	1	603
4829	1	1	602
4830	1	1	601
4831	1	1	600
4832	1	1	615
4833	1	1	614
4834	1	1	613
4835	1	1	612
4836	1	1	611
4837	1	1	610
4838	1	1	609
4839	1	1	608
4840	1	1	623
4841	1	1	622
4842	1	1	621
4843	1	1	620
4844	1	1	619
4845	1	1	618
4846	1	1	617
4847	1	1	616
4848	1	1	631
4849	1	1	630
4850	1	1	629
4851	1	1	628
4852	1	1	627
4853	1	1	626
4854	1	1	625
4855	1	1	624
4856	1	1	639
4857	1	1	638
4858	1	1	637
4859	1	1	636
4860	1	1	635
4861	1	1	634
4862	1	1	633
4863	1	1	632
4864	1	1	519
4865	1	1	518
4866	1	1	517
4867	1	1	516
4868	1	1	515
4869	1	1	514
4870	1	1	513
4871	1	1	512
4872	1	1	527
4873	1	1	526
4874	1	1	525
4875	1	1	524
4876	1	1	523
4877	1	1	522
4878	1	1	521
4879	1	1	520
4880	1	1	535
4881	1	1	534
4882	1	1	533
4883	1	1	532
4884	1	1	531
4885	1	1	530
4886	1	1	529
4887	1	1	528
4888	1	1	543
4889	1	1	542
4890	1	1	541
4891	1	1	540
4892	1	1	539
4893	1	1	538
4894	1	1	537
4895	1	1	536
4896	1	1	551
4897	1	1	550
4898	1	1	549
4899	1	1	548
4900	1	1	547
4901	1	1	546
4902	1	1	545
4903	1	1	544
4904	1	1	559
4905	1	1	558
4906	1	1	557
4907	1	1	556
4908	1	1	555
4909	1	1	554
4910	1	1	553
4911	1	1	552
4912	1	1	567
4913	1	1	566
4914	1	1	565
4915	1	1	564
4916	1	1	563
4917	1	1	562
4918	1	1	561
4919	1	1	560
4920	1	1	575
4921	1	1	574
4922	1	1	573
4923	1	1	572
4924	1	1	571
4925	1	1	570
4926	1	1	569
4927	1	1	568
4928	1	1	455
4929	1	1	454
4930	1	1	453
4931	1	1	452
4932	1	1	451
4933	1	1	450
4934	1	1	449
4935	1	1	448
4936	1	1	463
4937	1	1	462
4938	1	1	461
4939	1	1	460
4940	1	1	459
4941	1	1	458
4942	1	1	457
4943	1	1	456
4944	1	1	471
4945	1	1	470
4946	1	1	469
4947	1	1	468
4948	1	1	467
4949	1	1	466
4950	1	1	465
4951	1	1	464
4952	1	1	479
4953	1	1	478
4954	1	1	477
4955	1	1	476
4956	1	1	475
4957	1	1	474
4958	1	1	473
4959	1	1	472
4960	1	1	487
4961	1	1	486
4962	1	1	485
4963	1	1	484
4964	1	1	483
4965	1	1	482
4966	1	1	481
4967	1	1	480
4968	1	1	495
4969	1	1	494
4970	1	1	493
4971	1	1	492
4972	1	1	491
4973	1	1	490
4974	1	1	489
4975	1	1	488
4976	1	1	503
4977	1	1	502
4978	1	1	501
4979	1	1	500
4980	1	1	499
4981	1	1	498
4982	1	1	497
4983	1	1	496
4984	1	1	511
4985	1	1	510
4986	1	1	509
4987	1	1	508
4988	1	1	507
4989	1	1	506
4990	1	1	505
4991	1	1	504
4992	1	1	391
4993	1	1	390
4994	1	1	389
4995	1	1	388
4996	1	1	387
4997	1	1	386
4998	1	1	385
4999	1	1	384
5000	1	1	399
5001	1	1	398
5002	1	1	397
5003	1	1	396
5004	1	1	395
5005	1	1	394
5006	1	1	393
5007	1	1	392
5008	1	1	407
5009	1	1	406
5010	1	1	405
5011	1	1	404
5012	1	1	403
5013	1	1	402
5014	1	1	401
5015	1	1	400
5016	1	1	415
5017	1	1	414
5018	1	1	413
5019	1	1	412
5020	1	1	411
5021	1	1	410
5022	1	1	409
5023	1	1	408
5024	1	1	423
5025	1	1	422
5026	1	1	421
5027	1	1	420
5028	1	1	419
5029	1	1	418
5030	1	1	417
5031	1	1	416
5032	1	1	431
5033	1	1	430
5034	1	1	429
5035	1	1	428
5036	1	1	427
5037	1	1	426
5038	1	1	425
5039	1	1	424
5040	1	1	439
5041	1	1	438
5042	1	1	437
5043	1	1	436
5044	1	1	435
5045	1	1	434
5046	1	1	433
5047	1	1	432
5048	1	1	447
5049	1	1	446
5050	1	1	445
5051	1	1	444
5052	1	1	443
5053	1	1	442
5054	1	1	441
5055	1	1	440
5056	1	1	327
5057	1	1	326
5058	1	1	325
5059	1	1	324
5060	1	1	323
5061	1	1	322
5062	1	1	321
5063	1	1	320
5064	1	1	335
5065	1	1	334
5066	1	1	333
5067	1	1	332
5068	1	1	331
5069	1	1	330
5070	1	1	329
5071	1	1	328
5072	1	1	343
5073	1	1	342
5074	1	1	341
5075	1	1	340
5076	1	1	339
5077	1	1	338
5078	1	1	337
5079	1	1	336
5080	1	1	351
5081	1	1	350
5082	1	1	349
5083	1	1	348
5084	1	1	347
5085	1	1	346
5086	1	1	345
5087	1	1	344
5088	1	1	359
5089	1	1	358
5090	1	1	357
5091	1	1	356
5092	1	1	355
5093	1	1	354
5094	1	1	353
5095	1	1	352
5096	1	1	367
5097	1	1	366
5098	1	1	365
5099	1	1	364
5100	1	1	363
5101	1	1	362
5102	1	1	361
5103	1	1	360
5104	1	1	375
5105	1	1	374
5106	1	1	373
5107	1	1	372
5108	1	1	371
5109	1	1	370
5110	1	1	369
5111	1	1	368
5112	1	1	383
5113	1	1	382
5114	1	1	381
5115	1	1	380
5116	1	1	379
5117	1	1	378
5118	1	1	377
5119	1	1	376
5120	0	1	263
5121	0	1	262
5122	0	1	261
5123	0	1	260
5124	0	1	259
5125	0	1	258
5126	0	1	257
5127	0	1	256
5128	0	1	271
5129	0	1	270
5130	0	1	269
5131	0	1	268
5132	0	1	267
5133	0	1	266
5134	0	1	265
5135	0	1	264
5136	0	1	279
5137	0	1	278
5138	0	1	277
5139	0	1	276
5140	0	1	275
5141	0	1	274
5142	0	1	273
5143	0	1	272
5144	0	1	287
5145	0	1	286
5146	0	1	285
5147	0	1	284
5148	0	1	283
5149	0	1	282
5150	0	1	281
5151	0	1	280
5152	0	1	295
5153	0	1	294
5154	0	1	293
5155	0	1	292
5156	0	1	291
5157	0	1	290
5158	0	1	289
5159	0	1	288
5160	0	1	303
5161	0	1	302
5162	0	1	301
5163	0	1	300
5164	0	1	299
5165	0	1	298
5166	0	1	297
5167	0	1	296
5168	0	1	311
5169	0	1	310
5170	0	1	309
5171	0	1	308
5172	0	1	307
5173	0	1	306
5174	0	1	305
5175	0	1	304
5176	0	1	319
5177	0	1	318
5178	0	1	317
5179	0	1	316
5180	0	1	315
5181	0	1	314
5182	0	1	313
5183	0	1	312
5184	0	1	199
5185	0	1	198
5186	0	1	197
5187	0	1	196
5188	0	1	195
5189	0	1	194
5190	0	1	193
5191	0	1	192
5192	0	1	207
5193	0	1	206
5194	0	1	205
5195	0	1	204
5196	0	1	203
5197	0	1	202
5198	0	1	201
5199	0	1	200
5200	0	1	215
5201	0	1	214
5202	0	1	213
5203	0	1	212
5204	0	1	211
5205	0	1	210
5206	0	1	209
5207	0	1	208
5208	0	1	223
5209	0	1	222
5210	0	1	221
5211	0	1	220
5212	0	1	219
5213	0	1	218
5214	0	1	217
5215	0	1	216
5216	0	1	231
5217	0	1	230
5218	0	1	229
5219	0	1	228
5220	0	1	227
5221	0	1	226
5222	0	1	225
5223	0	1	224
5224	0	1	239
5225	0	1	238
5226	0	1	237
5227	0	1	236
5228	0	1	235
5229	0	1	234
5230	0	1	233
5231	0	1	232
5232	0	1	247
5233	0	1	246
5234	0	1	245
5235	0	1	244
5236	0	1	243
5237	0	1	242
5238	0	1	241
5239	0	1	240
5240	0	1	255
5241	0	1	254
5242	0	1	253
5243	0	1	252
5244	0	1	251
5245	0	1	250
5246	0	1	249
5247	0	1	248
5248	0	1	135
5249	0	1	134
5250	0	1	133
5251	0	1	132
5252	0	1	131
5253	0	1	130
5254	0	1	129
5255	0	1	128
5256	0	1	143
5257	0	1	142
5258	0	1	141
5259	0	1	140
5260	0	1	139
5261	0	1	138
5262	0	1	137
5263	0	1	136
5264	0	1	151
5265	0	1	150
5266	0	1	149
5267	0	1	148
5268	0	1	147
5269	0	1	146
5270	0	1	145
5271	0	1	144
5272	0	1	159
5273	0	1	158
5274	0	1	157
5275	0	1	156
5276	0	1	155
5277	0	1	154
5278	0	1	153
5279	0	1	152
5280	0	1	167
5281	0	1	166
5282	0	1	165
5283	0	1	164
5284	0	1	163
5285	0	1	162
5286	0	1	161
5287	0	1	160
5288	0	1	175
5289	0	1	174
5290	0	1	173
5291	0	1	172
5292	0	1	171
5293	0	1	170
5294	0	1	169
5295	0	1	168
5296	0	1	183
5297	0	1	182
5298	0	1	181
5299	0	1	180
5300	0	1	179
5301	0	1	178
5302	0	1	177
5303	0	1	176
5304	0	1	191
5305	0	1	190
5306	0	1	189
5307	0	1	188
5308	0	1	187
5309	0	1	186
5310	0	1	185
5311	0	1	184
5312	0	1	71
5313	0	1	70
5314	0	1	69
5315	0	1	68
5316	0	1	67
5317	0	1	66
5318	0	1	65
5319	0	1	64
5320	0	1	79
5321	0	1	78
5322	0	1	77
5323	0	1	76
5324	0	1	75
5325	0	1	74
5326	0	1	73
5327	0	1	72
5328	0	1	87
5329	0	1	86
5330	0	1	85
5331	0	1	84
5332	0	1	83
5333	0	1	82
5334	0	1	81
5335	0	1	80
5336	0	1	95
5337	0	1	94
5338	0	1	93
5339	0	1	92
5340	0	1	91
5341	0	1	90
5342	0	1	89
5343	0	1	88
5344	0	1	103
5345	0	1	102
5346	0	1	101
5347	0	1	100
5348	0	1	99
5349	0	1	98
5350	0	1	97
5351	0	1	96
5352	0	1	111
5353	0	1	110
5354	0	1	109
5355	0	1	108
5356	0	1	107
5357	0	1	106
5358	0	1	105
5359	0	1	104
5360	0	1	119
5361	0	1	118
5362	0	1	117
5363	0	1	116
5364	0	1	115
5365	0	1	114
5366	0	1	113
5367	0	1	112
5368	0	1	127
5369	0	1	126
5370	0	1	125
5371	0	1	124
5372	0	1	123
5373	0	1	122
5374	0	1	121
5375	0	1	120
5376	0	1	7
5377	0	1	6
5378	0	1	5
5379	0	1	4
5380	0	1	3
5381	0	1	2
5382	0	1	1
5383	0	1	0
5384	0	1	15
5385	0	1	14
5386	0	1	13
5387	0	1	12
5388	0	1	11
5389	0	1	10
5390	0	1	9
5391	0	1	8
5392	0	1	23
5393	0	1	22
5394	0	1	21
5395	0	1	20
5396	0	1	19
5397	0	1	18
5398	0	1	17
5399	0	1	16
5400	0	1	31
5401	0	1	30
5402	0	1	29
5403	0	1	28
5404	0	1	27
5405	0	1	26
5406	0	1	25
5407	0	1	24
5408	0	1	39
5409	0	1	38
5410	0	1	37
5411	0	1	36
5412	0	1	35
5413	0	1	34
5414	0	1	33
5415	0	1	32
5416	0	1	47
5417	0	1	46
5418	0	1	45
5419	0	1	44
5420	0	1	43
5421	0	1	42
5422	0	1	41
5423	0	1	40
5424	0	1	55
5425	0	1	54
5426	0	1	53
5427	0	1	52
5428	0	1	51
5429	0	1	50
5430	0	1	49
5431	0	1	48
5432	0	1	63
5433	0	1	62
5434	0	1	61
5435	0	1	60
5436	0	1	59
5437	0	1	58
5438	0	1	57
5439	0	1	56
5440	1	1	263
5441	1	1	262
5442	1	1	261
5443	1	1	260
5444	1	1	259
5445	1	1	258
5446	1	1	257
5447	1	1	256
5448	1	1	271
5449	1	1	270
5450	1	1	269
5451	1	1	268
5452	1	1	267
5453	1	1	266
5454	1	1	265
5455	1	1	264
5456	1	1	279
5457	1	1	278
5458	1	1	277
5459	1	1	276
5460	1	1	275
5461	1	1	274
5462	1	1	273
5463	1	1	272
5464	1	1	287
5465	1	1	286
5466	1	1	285
5467	1	1	284
5468	1	1	283
5469	1	1	282
5470	1	1	281
5471	1	1	280
5472	1	1	295
5473	1	1	294
5474	1	1	293
5475	1	1	292
5476	1	1	291
5477	1	1	290
5478	1	1	289
5479	1	1	288
5480	1	1	303
5481	1	1	302
5482	1	1	301
5483	1	1	300
5484	1	1	299
5485	1	1	298
5486	1	1	297
5487	1	1	296
5488	1	1	311
5489	1	1	310
5490	1	1	309
5491	1	1	308
5492	1	1	307
5493	1	1	306
5494	1	1	305
5495	1	1	304
5496	1	1	319
5497	1	1	318
5498	1	1	317
5499	1	1	316
5500	1	1	315
5501	1	1	314
5502	1	1	313
5503	1	1	312
5504	1	1	199
5505	1	1	198
5506	1	1	197
5507	1	1	196
5508	1	1	195
5509	1	1	194
5510	1	1	193
5511	1	1	192
5512	1	1	207
5513	1	1	206
5514	1	1	205
5515	1	1	204
5516	1	1	203
5517	1	1	202
5518	1	1	201
5519	1	1	200
5520	1	1	215
5521	1	1	214
5522	1	1	213
5523	1	1	212
5524	1	1	211
5525	1	1	210
5526	1	1	209
5527	1	1	208
5528	1	1	223
5529	1	1	222
5530	1	1	221
5531	1	1	220
5532	1	1	219
5533	1	1	218
5534	1	1	217
5535	1	1	216
5536	1	1	231
5537	1	1	230
5538	1	1	229
5539	1	1	228
5540	1	1	227
5541	1	1	226
5542	1	1	225
5543	1	1	224
5544	1	1	239
5545	1	1	238
5546	1	1	237
5547	1	1	236
5548	1	1	235
5549	1	1	234
5550	1	1	233
5551	1	1	232
5552	1	1	247
5553	1	1	246
5554	1	1	245
5555	1	1	244
5556	1	1	243
5557	1	1	242
5558	1	1	241
5559	1	1	240
5560	1	1	255
5561	1	1	254
5562	1	1	253
5563	1	1	252
5564	1	1	251
5565	1	1	250
5566	1	1	249
5567	1	1	248
5568	1	1	135
5569	1	1	134
5570	1	1	133
5571	1	1	132
5572	1	1	131
5573	1	1	130
5574	1	1	129
5575	1	1	128
5576	1	1	143
5577	1	1	142
5578	1	1	141
5579	1	1	140
5580	1	1	139
5581	1	1	138
5582	1	1	137
5583	1	1	136
5584	1	1	151
5585	1	1	150
5586	1	1	149
5587	1	1	148
5588	1	1	147
5589	1	1	146
5590	1	1	145
5591	1	1	144
5592	1	1	159
5593	1	1	158
5594	1	1	157
5595	1	1	156
5596	1	1	155
5597	1	1	154
5598	1	1	153
5599	1	1	152
5600	1	1	167
5601	1	1	166
5602	1	1	165
5603	1	1	164
5604	1	1	163
5605	1	1	162
5606	1	1	161
5607	1	1	160
5608	1	1	175
5609	1	1	174
5610	1	1	173
5611	1	1	172
5612	1	1	171
5613	1	1	170
5614	1	1	169
5615	1	1	168
5616	1	1	183
5617	1	1	182
5618	1	1	181
5619	1	1	180
5620	1	1	179
5621	1	1	178
5622	1	1	177
5623	1	1	176
5624	1	1	191
5625	1	1	190
5626	1	1	189
5627	1	1	188
5628	1	1	187
5629	1	1	186
5630	1	1	185
5631	1	1	184
5632	1	1	71
5633	1	1	70
5634	1	1	69
5635	1	1	68
5636	1	1	67
5637	1	1	66
5638	1	1	65
5639	1	1	64
5640	1	1	79
5641	1	1	78
5642	1	1	77
5643	1	1	76
5644	1	1	75
5645	1	1	74
5646	1	1	73
5647	1	1	72
5648	1	1	87
5649	1	1	86
5650	1	1	85
5651	1	1	84
5652	1	1	83
5653	1	1	82
5654	1	1	81
5655	1	1	80
5656	1	1	95
5657	1	1	94
5658	1	1	93
5659	1	1	92
5660	1	1	91
5661	1	1	90
5662	1	1	89
5663	1	1	88
5664	1	1	103
5665	1	1	102
5666	1	1	101
5667	1	1	100
5668	1	1	99
5669	1	1	98
5670	1	1	97
5671	1	1	96
5672	1	1	111
5673	1	1	110
5674	1	1	109
5675	1	1	108
5676	1	1	107
5677	1	1	106
5678	1	1	105
5679	1	1	104
5680	1	1	119
5681	1	1	118
5682	1	1	117
5683	1	1	116
5684	1	1	115
5685	1	1	114
5686	1	1	113
5687	1	1	112
5688	1	1	127
5689	1	1	126
5690	1	1	125
5691	1	1	124
5692	1	1	123
5693	1	1	122
5694	1	1	121
5695	1	1	120
5696	1	1	7
5697	1	1	6
5698	1	1	5
5699	1	1	4
5700	1	1	3
5701	1	1	2
5702	1	1	1
5703	1	1	0
5704	1	1	15
5705	1	1	14
5706	1	1	13
5707	1	1	12
5708	1	1	11
5709	1	1	10
5710	1	1	9
5711	1	1	8
5712	1	1	23
5713	1	1	22
5714	1	1	21
5715	1	1	20
5716	1	1	19
5717	1	1	18
5718	1	1	17
5719	1	1	16
5720	1	1	31
5721	1	1	30
5722	1	1	29
5723	1	1	28
5724	1	1	27
5725	1	1	26
5726	1	1	25
5727	1	1	24
5728	1	1	39
5729	1	1	38
5730	1	1	37
5731	1	1	36
5732	1	1	35
5733	1	1	34
5734	1	1	33
5735	1	1	32
5736	1	1	47
5737	1	1	46
5738	1	1	45
5739	1	1	44
5740	1	1	43
5741	1	1	42
5742	1	1	41
5743	1	1	40
5744	1	1	55
5745	1	1	54
5746	1	1	53
5747	1	1	52
5748	1	1	51
5749	1	1	50
5750	1	1	49
5751	1	1	48
5752	1	1	63
5753	1	1	62
5754	1	1	61
5755	1	1	60
5756	1	1	59
5757	1	1	58
5758	1	1	57
5759	1	1	56
5760	3	1	903
5761	3	1	902
5762	3	1	901
5763	3	1	900
5764	3	1	899
5765	3	1	898
5766	3	1	897
5767	3	1	896
5768	3	1	911
5769	3	1	910
5770	3	1	909
5771	3	1	908
5772	3	1	907
5773	3	1	906
5774	3	1	905
5775	3	1	904
5776	3	1	919
5777	3	1	918
5778	3	1	917
5779	3	1	916
5780	3	1	915
5781	3	1	914
5782	3	1	913
5783	3	1	912
5784	3	1	927
5785	3	1	926
5786	3	1	925
5787	3	1	924
5788	3	1	923
5789	3	1	922
5790	3	1	921
5791	3	1	920
5792	3	1	935
5793	3	1	934
5794	3	1	933
5795	3	1	932
5796	3	1	931
5797	3	1	930
5798	3	1	929
5799	3	1	928
5800	3	1	943
5801	3	1	942
5802	3	1	941
5803	3	1	940
5804	3	1	939
5805	3	1	938
5806	3	1	937
5807	3	1	936
5808	3	1	951
5809	3	1	950
5810	3	1	949
5811	3	1	948
5812	3	1	947
5813	3	1	946
5814	3	1	945
5815	3	1	944
5816	3	1	959
5817	3	1	958
5818	3	1	957
5819	3	1	956
5820	3	1	955
5821	3	1	954
5822	3	1	953
5823	3	1	952
5824	3	1	839
5825	3	1	838
5826	3	1	837
5827	3	1	836
5828	3	1	835
5829	3	1	834
5830	3	1	833
5831	3	1	832
5832	3	1	847
5833	3	1	846
5834	3	1	845
5835	3	1	844
5836	3	1	843
5837	3	1	842
5838	3	1	841
5839	3	1	840
5840	3	1	855
5841	3	1	854
5842	3	1	853
5843	3	1	852
5844	3	1	851
5845	3	1	850
5846	3	1	849
5847	3	1	848
5848	3	1	863
5849	3	1	862
5850	3	1	861
5851	3	1	860
5852	3	1	859
5853	3	1	858
5854	3	1	857
5855	3	1	856
5856	3	1	871
5857	3	1	870
5858	3	1	869
5859	3	1	868
5860	3	1	867
5861	3	1	866
5862	3	1	865
5863	3	1	864
5864	3	1	879
5865	3	1	878
5866	3	1	877
5867	3	1	876
5868	3	1	875
5869	3	1	874
5870	3	1	873
5871	3	1	872
5872	3	1	887
5873	3	1	886
5874	3	1	885
5875	3	1	884
5876	3	1	883
5877	3	1	882
5878	3	1	881
5879	3	1	880
5880	3	1	895
5881	3	1	894
5882	3	1	893
5883	3	1	892
5884	3	1	891
5885	3	1	890
5886	3	1	889
5887	3	1	888
5888	3	1	775
5889	3	1	774
5890	3	1	773
5891	3	1	772
5892	3	1	771
5893	3	1	770
5894	3	1	769
5895	3	1	768
5896	3	1	783
5897	3	1	782
5898	3	1	781
5899	3	1	780
5900	3	1	779
5901	3	1	778
5902	3	1	777
5903	3	1	776
5904	3	1	791
5905	3	1	790
5906	3	1	789
5907	3	1	788
5908	3	1	787
5909	3	1	786
5910	3	1	785
5911	3	1	784
5912	3	1	799
5913	3	1	798
5914	3	1	797
5915	3	1	796
5916	3	1	795
5917	3	1	794
5918	3	1	793
5919	3	1	792
5920	3	1	807
5921	3	1	806
5922	3	1	805
5923	3	1	804
5924	3	1	803
5925	3	1	802
5926	3	1	801
5927	3	1	800
5928	3	1	815
5929	3	1	814
5930	3	1	813
5931	3	1	812
5932	3	1	811
5933	3	1	810
5934	3	1	809
5935	3	1	808
5936	3	1	823
5937	3	1	822
5938	3	1	821
5939	3	1	820
5940	3	1	819
5941	3	1	818
5942	3	1	817
5943	3	1	816
5944	3	1	831
5945	3	1	830
5946	3	1	829
5947	3	1	828
5948	3	1	827
5949	3	1	826
5950	3	1	825
5951	3	1	824
5952	3	1	711
5953	3	1	710
5954	3	1	709
5955	3	1	708
5956	3	1	707
5957	3	1	706
5958	3	1	705
5959	3	1	704
5960	3	1	719
5961	3	1	718
5962	3	1	717
5963	3	1	716
5964	3	1	715
5965	3	1	714
5966	3	1	713
5967	3	1	712
5968	3	1	727
5969	3	1	726
5970	3	1	725
5971	3	1	724
5972	3	1	723
5973	3	1	722
5974	3	1	721
5975	3	1	720
5976	3	1	735
5977	3	1	734
5978	3	1	733
5979	3	1	732
5980	3	1	731
5981	3	1	730
5982	3	1	729
5983	3	1	728
5984	3	1	743
5985	3	1	742
5986	3	1	741
5987	3	1	740
5988	3	1	739
5989	3	1	738
5990	3	1	737
5991	3	1	736
5992	3	1	751
5993	3	1	750
5994	3	1	749
5995	3	1	748
5996	3	1	747
5997	3	1	746
5998	3	1	745
5999	3	1	744
6000	3	1	759
6001	3	1	758
6002	3	1	757
6003	3	1	756
6004	3	1	755
6005	3	1	754
6006	3	1	753
6007	3	1	752
6008	3	1	767
6009	3	1	766
6010	3	1	765
6011	3	1	764
6012	3	1	763
6013	3	1	762
6014	3	1	761
6015	3	1	760
6016	3	1	647
6017	3	1	646
6018	3	1	645
6019	3	1	644
6020	3	1	643
6021	3	1	642
6022	3	1	641
6023	3	1	640
6024	3	1	655
6025	3	1	654
6026	3	1	653
6027	3	1	652
6028	3	1	651
6029	3	1	650
6030	3	1	649
6031	3	1	648
6032	3	1	663
6033	3	1	662
6034	3	1	661
6035	3	1	660
6036	3	1	659
6037	3	1	658
6038	3	1	657
6039	3	1	656
6040	3	1	671
6041	3	1	670
6042	3	1	669
6043	3	1	668
6044	3	1	667
6045	3	1	666
6046	3	1	665
6047	3	1	664
6048	3	1	679
6049	3	1	678
6050	3	1	677
6051	3	1	676
6052	3	1	675
6053	3	1	674
6054	3	1	673
6055	3	1	672
6056	3	1	687
6057	3	1	686
6058	3	1	685
6059	3	1	684
6060	3	1	683
6061	3	1	682
6062	3	1	681
6063	3	1	680
6064	3	1	695
6065	3	1	694
6066	3	1	693
6067	3	1	692
6068	3	1	691
6069	3	1	690
6070	3	1	689
6071	3	1	688
6072	3	1	703
6073	3	1	702
6074	3	1	701
6075	3	1	700
6076	3	1	699
6077	3	1	698
6078	3	1	697
6079	3	1	696
6080	2	1	903
6081	2	1	902
6082	2	1	901
6083	2	1	900
6084	2	1	899
6085	2	1	898
6086	2	1	897
6087	2	1	896
6088	2	1	911
6089	2	1	910
6090	2	1	909
6091	2	1	908
6092	2	1	907
6093	2	1	906
6094	2	1	905
6095	2	1	904
6096	2	1	919
6097	2	1	918
6098	2	1	917
6099	2	1	916
6100	2	1	915
6101	2	1	914
6102	2	1	913
6103	2	1	912
6104	2	1	927
6105	2	1	926
6106	2	1	925
6107	2	1	924
6108	2	1	923
6109	2	1	922
6110	2	1	921
6111	2	1	920
6112	2	1	935
6113	2	1	934
6114	2	1	933
6115	2	1	932
6116	2	1	931
6117	2	1	930
6118	2	1	929
6119	2	1	928
6120	2	1	943
6121	2	1	942
6122	2	1	941
6123	2	1	940
6124	2	1	939
6125	2	1	938
6126	2	1	937
6127	2	1	936
6128	2	1	951
6129	2	1	950
6130	2	1	949
6131	2	1	948
6132	2	1	947
6133	2	1	946
6134	2	1	945
6135	2	1	944
6136	2	1	959
6137	2	1	958
6138	2	1	957
6139	2	1	956
6140	2	1	955
6141	2	1	954
6142	2	1	953
6143	2	1	952
6144	2	1	839
6145	2	1	838
6146	2	1	837
6147	2	1	836
6148	2	1	835
6149	2	1	834
6150	2	1	833
6151	2	1	832
6152	2	1	847
6153	2	1	846
6154	2	1	845
6155	2	1	844
6156	2	1	843
6157	2	1	842
6158	2	1	841
6159	2	1	840
6160	2	1	855
6161	2	1	854
6162	2	1	853
6163	2	1	852
6164	2	1	851
6165	2	1	850
6166	2	1	849
6167	2	1	848
6168	2	1	863
6169	2	1	862
6170	2	1	861
6171	2	1	860
6172	2	1	859
6173	2	1	858
6174	2	1	857
6175	2	1	856
6176	2	1	871
6177	2	1	870
6178	2	1	869
6179	2	1	868
6180	2	1	867
6181	2	1	866
6182	2	1	865
6183	2	1	864
6184	2	1	879
6185	2	1	878
6186	2	1	877
6187	2	1	876
6188	2	1	875
6189	2	1	874
6190	2	1	873
6191	2	1	872
6192	2	1	887
6193	2	1	886
6194	2	1	885
6195	2	1	884
6196	2	1	883
6197	2	1	882
6198	2	1	881
6199	2	1	880
6200	2	1	895
6201	2	1	894
6202	2	1	893
6203	2	1	892
6204	2	1	891
6205	2	1	890
6206	2	1	889
6207	2	1	888
6208	2	1	775
6209	2	1	774
6210	2	1	773
6211	2	1	772
6212	2	1	771
6213	2	1	770
6214	2	1	769
6215	2	1	768
6216	2	1	783
6217	2	1	782
6218	2	1	781
6219	2	1	780
6220	2	1	779
6221	2	1	778
6222	2	1	777
6223	2	1	776
6224	2	1	791
6225	2	1	790
6226	2	1	789
6227	2	1	788
6228	2	1	787
6229	2	1	786
6230	2	1	785
6231	2	1	784
6232	2	1	799
6233	2	1	798
6234	2	1	797
6235	2	1	796
6236	2	1	795
6237	2	1	794
6238	2	1	793
6239	2	1	792
6240	2	1	807
6241	2	1	806
6242	2	1	805
6243	2	1	804
6244	2	1	803
6245	2	1	802
6246	2	1	801
6247	2	1	800
6248	2	1	815
6249	2	1	814
6250	2	1	813
6251	2	1	812
6252	2	1	811
6253	2	1	810
6254	2	1	809
6255	2	1	808
6256	2	1	823
6257	2	1	822
6258	2	1	821
6259	2	1	820
6260	2	1	819
6261	2	1	818
6262	2	1	817
6263	2	1	816
6264	2	1	831
6265	2	1	830
6266	2	1	829
6267	2	1	828
6268	2	1	827
6269	2	1	826
6270	2	1	825
6271	2	1	824
6272	2	1	711
6273	2	1	710
6274	2	1	709
6275	2	1	708
6276	2	1	707
6277	2	1	706
6278	2	1	705
6279	2	1	704
6280	2	1	719
6281	2	1	718
6282	2	1	717
6283	2	1	716
6284	2	1	715
6285	2	1	714
6286	2	1	713
6287	2	1	712
6288	2	1	727
6289	2	1	726
6290	2	1	725
6291	2	1	724
6292	2	1	723
6293	2	1	722
6294	2	1	721
6295	2	1	720
6296	2	1	735
6297	2	1	734
6298	2	1	733
6299	2	1	732
6300	2	1	731
6301	2	1	730
6302	2	1	729
6303	2	1	728
6304	2	1	743
6305	2	1	742
6306	2	1	741
6307	2	1	740
6308	2	1	739
6309	2	1	738
6310	2	1	737
6311	2	1	736
6312	2	1	751
6313	2	1	750
6314	2	1	749
6315	2	1	748
6316	2	1	747
6317	2	1	746
6318	2	1	745
6319	2	1	744
6320	2	1	759
6321	2	1	758
6322	2	1	757
6323	2	1	756
6324	2	1	755
6325	2	1	754
6326	2	1	753
6327	2	1	752
6328	2	1	767
6329	2	1	766
6330	2	1	765
6331	2	1	764
6332	2	1	763
6333	2	1	762
6334	2	1	761
6335	2	1	760
6336	2	1	647
6337	2	1	646
6338	2	1	645
6339	2	1	644
6340	2	1	643
6341	2	1	642
6342	2	1	641
6343	2	1	640
6344	2	1	655
6345	2	1	654
6346	2	1	653
6347	2	1	652
6348	2	1	651
6349	2	1	650
6350	2	1	649
6351	2	1	648
6352	2	1	663
6353	2	1	662
6354	2	1	661
6355	2	1	660
6356	2	1	659
6357	2	1	658
6358	2	1	657
6359	2	1	656
6360	2	1	671
6361	2	1	670
6362	2	1	669
6363	2	1	668
6364	2	1	667
6365	2	1	666
6366	2	1	665
6367	2	1	664
6368	2	1	679
6369	2	1	678
6370	2	1	677
6371	2	1	676
6372	2	1	675
6373	2	1	674
6374	2	1	673
6375	2	1	672
6376	2	1	687
6377	2	1	686
6378	2	1	685
6379	2	1	684
6380	2	1	683
6381	2	1	682
6382	2	1	681
6383	2	1	680
6384	2	1	695
6385	2	1	694
6386	2	1	693
6387	2	1	692
6388	2	1	691
6389	2	1	690
6390	2	1	689
6391	2	1	688
6392	2	1	703
6393	2	1	702
6394	2	1	701
6395	2	1	700
6396	2	1	699
6397	2	1	698
6398	2	1	697
6399	2	1	696
6400	3	1	583
6401	3	1	582
6402	3	1	581
6403	3	1	580
6404	3	1	579
6405	3	1	578
6406	3	1	577
6407	3	1	576
6408	3	1	591
6409	3	1	590
6410	3	1	589
6411	3	1	588
6412	3	1	587
6413	3	1	586
6414	3	1	585
6415	3	1	584
6416	3	1	599
6417	3	1	598
6418	3	1	597
6419	3	1	596
6420	3	1	595
6421	3	1	594
6422	3	1	593
6423	3	1	592
6424	3	1	607
6425	3	1	606
6426	3	1	605
6427	3	1	604
6428	3	1	603
6429	3	1	602
6430	3	1	601
6431	3	1	600
6432	3	1	615
6433	3	1	614
6434	3	1	613
6435	3	1	612
6436	3	1	611
6437	3	1	610
6438	3	1	609
6439	3	1	608
6440	3	1	623
6441	3	1	622
6442	3	1	621
6443	3	1	620
6444	3	1	619
6445	3	1	618
6446	3	1	617
6447	3	1	616
6448	3	1	631
6449	3	1	630
6450	3	1	629
6451	3	1	628
6452	3	1	627
6453	3	1	626
6454	3	1	625
6455	3	1	624
6456	3	1	639
6457	3	1	638
6458	3	1	637
6459	3	1	636
6460	3	1	635
6461	3	1	634
6462	3	1	633
6463	3	1	632
6464	3	1	519
6465	3	1	518
6466	3	1	517
6467	3	1	516
6468	3	1	515
6469	3	1	514
6470	3	1	513
6471	3	1	512
6472	3	1	527
6473	3	1	526
6474	3	1	525
6475	3	1	524
6476	3	1	523
6477	3	1	522
6478	3	1	521
6479	3	1	520
6480	3	1	535
6481	3	1	534
6482	3	1	533
6483	3	1	532
6484	3	1	531
6485	3	1	530
6486	3	1	529
6487	3	1	528
6488	3	1	543
6489	3	1	542
6490	3	1	541
6491	3	1	540
6492	3	1	539
6493	3	1	538
6494	3	1	537
6495	3	1	536
6496	3	1	551
6497	3	1	550
6498	3	1	549
6499	3	1	548
6500	3	1	547
6501	3	1	546
6502	3	1	545
6503	3	1	544
6504	3	1	559
6505	3	1	558
6506	3	1	557
6507	3	1	556
6508	3	1	555
6509	3	1	554
6510	3	1	553
6511	3	1	552
6512	3	1	567
6513	3	1	566
6514	3	1	565
6515	3	1	564
6516	3	1	563
6517	3	1	562
6518	3	1	561
6519	3	1	560
6520	3	1	575
6521	3	1	574
6522	3	1	573
6523	3	1	572
6524	3	1	571
6525	3	1	570
6526	3	1	569
6527	3	1	568
6528	3	1	455
6529	3	1	454
6530	3	1	453
6531	3	1	452
6532	3	1	451
6533	3	1	450
6534	3	1	449
6535	3	1	448
6536	3	1	463
6537	3	1	462
6538	3	1	461
6539	3	1	460
6540	3	1	459
6541	3	1	458
6542	3	1	457
6543	3	1	456
6544	3	1	471
6545	3	1	470
6546	3	1	469
6547	3	1	468
6548	3	1	467
6549	3	1	466
6550	3	1	465
6551	3	1	464
6552	3	1	479
6553	3	1	478
6554	3	1	477
6555	3	1	476
6556	3	1	475
6557	3	1	474
6558	3	1	473
6559	3	1	472
6560	3	1	487
6561	3	1	486
6562	3	1	485
6563	3	1	484
6564	3	1	483
6565	3	1	482
6566	3	1	481
6567	3	1	480
6568	3	1	495
6569	3	1	494
6570	3	1	493
6571	3	1	492
6572	3	1	491
6573	3	1	490
6574	3	1	489
6575	3	1	488
6576	3	1	503
6577	3	1	502
6578	3	1	501
6579	3	1	500
6580	3	1	499
6581	3	1	498
6582	3	1	497
6583	3	1	496
6584	3	1	511
6585	3	1	510
6586	3	1	509
6587	3	1	508
6588	3	1	507
6589	3	1	506
6590	3	1	505
6591	3	1	504
6592	3	1	391
6593	3	1	390
6594	3	1	389
6595	3	1	388
6596	3	1	387
6597	3	1	386
6598	3	1	385
6599	3	1	384
6600	3	1	399
6601	3	1	398
6602	3	1	397
6603	3	1	396
6604	3	1	395
6605	3	1	394
6606	3	1	393
6607	3	1	392
6608	3	1	407
6609	3	1	406
6610	3	1	405
6611	3	1	404
6612	3	1	403
6613	3	1	402
6614	3	1	401
6615	3	1	400
6616	3	1	415
6617	3	1	414
6618	3	1	413
6619	3	1	412
6620	3	1	411
6621	3	1	410
6622	3	1	409
6623	3	1	408
6624	3	1	423
6625	3	1	422
6626	3	1	421
6627	3	1	420
6628	3	1	419
6629	3	1	418
6630	3	1	417
6631	3	1	416
6632	3	1	431
6633	3	1	430
6634	3	1	429
6635	3	1	428
6636	3	1	427
6637	3	1	426
6638	3	1	425
6639	3	1	424
6640	3	1	439
6641	3	1	438
6642	3	1	437
6643	3	1	436
6644	3	1	435
6645	3	1	434
6646	3	1	433
6647	3	1	432
6648	3	1	447
6649	3	1	446
6650	3	1	445
6651	3	1	444
6652	3	1	443
6653	3	1	442
6654	3	1	441
6655	3	1	440
6656	3	1	327
6657	3	1	326
6658	3	1	325
6659	3	1	324
6660	3	1	323
6661	3	1	322
6662	3	1	321
6663	3	1	320
6664	3	1	335
6665	3	1	334
6666	3	1	333
6667	3	1	332
6668	3	1	331
6669	3	1	330
6670	3	1	329
6671	3	1	328
6672	3	1	343
6673	3	1	342
6674	3	1	341
6675	3	1	340
6676	3	1	339
6677	3	1	338
6678	3	1	337
6679	3	1	336
6680	3	1	351
6681	3	1	350
6682	3	1	349
6683	3	1	348
6684	3	1	347
6685	3	1	346
6686	3	1	345
6687	3	1	344
6688	3	1	359
6689	3	1	358
6690	3	1	357
6691	3	1	356
6692	3	1	355
6693	3	1	354
6694	3	1	353
6695	3	1	352
6696	3	1	367
6697	3	1	366
6698	3	1	365
6699	3	1	364
6700	3	1	363
6701	3	1	362
6702	3	1	361
6703	3	1	360
6704	3	1	375
6705	3	1	374
6706	3	1	373
6707	3	1	372
6708	3	1	371
6709	3	1	370
6710	3	1	369
6711	3	1	368
6712	3	1	383
6713	3	1	382
6714	3	1	381
6715	3	1	380
6716	3	1	379
6717	3	1	378
6718	3	1	377
6719	3	1	376
6720	2	1	583
6721	2	1	582
6722	2	1	581
6723	2	1	580
6724	2	1	579
6725	2	1	578
6726	2	1	577
6727	2	1	576
6728	2	1	591
6729	2	1	590
6730	2	1	589
6731	2	1	588
6732	2	1	587
6733	2	1	586
6734	2	1	585
6735	2	1	584
6736	2	1	599
6737	2	1	598
6738	2	1	597
6739	2	1	596
6740	2	1	595
6741	2	1	594
6742	2	1	593
6743	2	1	592
6744	2	1	607
6745	2	1	606
6746	2	1	605
6747	2	1	604
6748	2	1	603
6749	2	1	602
6750	2	1	601
6751	2	1	600
6752	2	1	615
6753	2	1	614
6754	2	1	613
6755	2	1	612
6756	2	1	611
6757	2	1	610
6758	2	1	609
6759	2	1	608
6760	2	1	623
6761	2	1	622
6762	2	1	621
6763	2	1	620
6764	2	1	619
6765	2	1	618
6766	2	1	617
6767	2	1	616
6768	2	1	631
6769	2	1	630
6770	2	1	629
6771	2	1	628
6772	2	1	627
6773	2	1	626
6774	2	1	625
6775	2	1	624
6776	2	1	639
6777	2	1	638
6778	2	1	637
6779	2	1	636
6780	2	1	635
6781	2	1	634
6782	2	1	633
6783	2	1	632
6784	2	1	519
6785	2	1	518
6786	2	1	517
6787	2	1	516
6788	2	1	515
6789	2	1	514
6790	2	1	513
6791	2	1	512
6792	2	1	527
6793	2	1	526
6794	2	1	525
6795	2	1	524
6796	2	1	523
6797	2	1	522
6798	2	1	521
6799	2	1	520
6800	2	1	535
6801	2	1	534
6802	2	1	533
6803	2	1	532
6804	2	1	531
6805	2	1	530
6806	2	1	529
6807	2	1	528
6808	2	1	543
6809	2	1	542
6810	2	1	541
6811	2	1	540
6812	2	1	539
6813	2	1	538
6814	2	1	537
6815	2	1	536
6816	2	1	551
6817	2	1	550
6818	2	1	549
6819	2	1	548
6820	2	1	547
6821	2	1	546
6822	2	1	545
6823	2	1	544
6824	2	1	559
6825	2	1	558
6826	2	1	557
6827	2	1	556
6828	2	1	555
6829	2	1	554
6830	2	1	553
6831	2	1	552
6832	2	1	567
6833	2	1	566
6834	2	1	565
6835	2	1	564
6836	2	1	563
6837	2	1	562
6838	2	1	561
6839	2	1	560
6840	2	1	575
6841	2	1	574
6842	2	1	573
6843	2	1	572
6844	2	1	571
6845	2	1	570
6846	2	1	569
6847	2	1	568
6848	2	1	455
6849	2	1	454
6850	2	1	453
6851	2	1	452
6852	2	1	451
6853	2	1	450
6854	2	1	449
6855	2	1	448
6856	2	1	463
6857	2	1	462
6858	2	1	461
6859	2	1	460
6860	2	1	459
6861	2	1	458
6862	2	1	457
6863	2	1	456
6864	2	1	471
6865	2	1	470
6866	2	1	469
6867	2	1	468
6868	2	1	467
6869	2	1	466
6870	2	1	465
6871	2	1	464
6872	2	1	479
6873	2	1	478
6874	2	1	477
6875	2	1	476
6876	2	1	475
6877	2	1	474
6878	2	1	473
6879	2	1	472
6880	2	1	487
6881	2	1	486
6882	2	1	485
6883	2	1	484
6884	2	1	483
6885	2	1	482
6886	2	1	481
6887	2	1	480
6888	2	1	495
6889	2	1	494
6890	2	1	493
6891	2	1	492
6892	2	1	491
6893	2	1	490
6894	2	1	489
6895	2	1	488
6896	2	1	503
6897	2	1	502
6898	2	1	501
6899	2	1	500
6900	2	1	499
6901	2	1	498
6902	2	1	497
6903	2	1	496
6904	2	1	511
6905	2	1	510
6906	2	1	509
6907	2	1	508
6908	2	1	507
6909	2	1	506
6910	2	1	505
6911	2	1	504
6912	2	1	391
6913	2	1	390
6914	2	1	389
6915	2	1	388
6916	2	1	387
6917	2	1	386
6918	2	1	385
6919	2	1	384
6920	2	1	399
6921	2	1	398
6922	2	1	397
6923	2	1	396
6924	2	1	395
6925	2	1	394
6926	2	1	393
6927	2	1	392
6928	2	1	407
6929	2	1	406
6930	2	1	405
6931	2	1	404
6932	2	1	403
6933	2	1	402
6934	2	1	401
6935	2	1	400
6936	2	1	415
6937	2	1	414
6938	2	1	413
6939	2	1	412
6940	2	1	411
6941	2	1	410
6942	2	1	409
6943	2	1	408
6944	2	1	423
6945	2	1	422
6946	2	1	421
6947	2	1	420
6948	2	1	419
6949	2	1	418
6950	2	1	417
6951	2	1	416
6952	2	1	431
6953	2	1	430
6954	2	1	429
6955	2	1	428
6956	2	1	427
6957	2	1	426
6958	2	1	425
6959	2	1	424
6960	2	1	439
6961	2	1	438
6962	2	1	437
6963	2	1	436
6964	2	1	435
6965	2	1	434
6966	2	1	433
6967	2	1	432
6968	2	1	447
6969	2	1	446
6970	2	1	445
6971	2	1	444
6972	2	1	443
6973	2	1	442
6974	2	1	441
6975	2	1	440
6976	2	1	327
6977	2	1	326
6978	2	1	325
6979	2	1	324
6980	2	1	323
6981	2	1	322
6982	2	1	321
6983	2	1	320
6984	2	1	335
6985	2	1	334
6986	2	1	333
6987	2	1	332
6988	2	1	331
6989	2	1	330
6990	2	1	329
6991	2	1	328
6992	2	1	343
6993	2	1	342
6994	2	1	341
6995	2	1	340
6996	2	1	339
6997	2	1	338
6998	2	1	337
6999	2	1	336
7000	2	1	351
7001	2	1	350
7002	2	1	349
7003	2	1	348
7004	2	1	347
7005	2	1	346
7006	2	1	345
7007	2	1	344
7008	2	1	359
7009	2	1	358
7010	2	1	357
7011	2	1	356
7012	2	1	355
7013	2	1	354
7014	2	1	353
7015	2	1	352
7016	2	1	367
7017	2	1	366
7018	2	1	365
7019	2	1	364
7020	2	1	363
7021	2	1	362
7022	2	1	361
7023	2	1	360
7024	2	1	375
7025	2	1	374
7026	2	1	373
7027	2	1	372
7028	2	1	371
7029	2	1	370
7030	2	1	369
7031	2	1	368
7032	2	1	383
7033	2	1	382
7034	2	1	381
7035	2	1	380
7036	2	1	379
7037	2	1	378
7038	2	1	377
7039	2	1	376
7040	3	1	263
7041	3	1	262
7042	3	1	261
7043	3	1	260
7044	3	1	259
7045	3	1	258
7046	3	1	257
7047	3	1	256
7048	3	1	271
7049	3	1	270
7050	3	1	269
7051	3	1	268
7052	3	1	267
7053	3	1	266
7054	3	1	265
7055	3	1	264
7056	3	1	279
7057	3	1	278
7058	3	1	277
7059	3	1	276
7060	3	1	275
7061	3	1	274
7062	3	1	273
7063	3	1	272
7064	3	1	287
7065	3	1	286
7066	3	1	285
7067	3	1	284
7068	3	1	283
7069	3	1	282
7070	3	1	281
7071	3	1	280
7072	3	1	295
7073	3	1	294
7074	3	1	293
7075	3	1	292
7076	3	1	291
7077	3	1	290
7078	3	1	289
7079	3	1	288
7080	3	1	303
7081	3	1	302
7082	3	1	301
7083	3	1	300
7084	3	1	299
7085	3	1	298
7086	3	1	297
7087	3	1	296
7088	3	1	311
7089	3	1	310
7090	3	1	309
7091	3	1	308
7092	3	1	307
7093	3	1	306
7094	3	1	305
7095	3	1	304
7096	3	1	319
7097	3	1	318
7098	3	1	317
7099	3	1	316
7100	3	1	315
7101	3	1	314
7102	3	1	313
7103	3	1	312
7104	3	1	199
7105	3	1	198
7106	3	1	197
7107	3	1	196
7108	3	1	195
7109	3	1	194
7110	3	1	193
7111	3	1	192
7112	3	1	207
7113	3	1	206
7114	3	1	205
7115	3	1	204
7116	3	1	203
7117	3	1	202
7118	3	1	201
7119	3	1	200
7120	3	1	215
7121	3	1	214
7122	3	1	213
7123	3	1	212
7124	3	1	211
7125	3	1	210
7126	3	1	209
7127	3	1	208
7128	3	1	223
7129	3	1	222
7130	3	1	221
7131	3	1	220
7132	3	1	219
7133	3	1	218
7134	3	1	217
7135	3	1	216
7136	3	1	231
7137	3	1	230
7138	3	1	229
7139	3	1	228
7140	3	1	227
7141	3	1	226
7142	3	1	225
7143	3	1	224
7144	3	1	239
7145	3	1	238
7146	3	1	237
7147	3	1	236
7148	3	1	235
7149	3	1	234
7150	3	1	233
7151	3	1	232
7152	3	1	247
7153	3	1	246
7154	3	1	245
7155	3	1	244
7156	3	1	243
7157	3	1	242
7158	3	1	241
7159	3	1	240
7160	3	1	255
7161	3	1	254
7162	3	1	253
7163	3	1	252
7164	3	1	251
7165	3	1	250
7166	3	1	249
7167	3	1	248
7168	3	1	135
7169	3	1	134
7170	3	1	133
7171	3	1	132
7172	3	1	131
7173	3	1	130
7174	3	1	129
7175	3	1	128
7176	3	1	143
7177	3	1	142
7178	3	1	141
7179	3	1	140
7180	3	1	139
7181	3	1	138
7182	3	1	137
7183	3	1	136
7184	3	1	151
7185	3	1	150
7186	3	1	149
7187	3	1	148
7188	3	1	147
7189	3	1	146
7190	3	1	145
7191	3	1	144
7192	3	1	159
7193	3	1	158
7194	3	1	157
7195	3	1	156
7196	3	1	155
7197	3	1	154
7198	3	1	153
7199	3	1	152
7200	3	1	167
7201	3	1	166
7202	3	1	165
7203	3	1	164
7204	3	1	163
7205	3	1	162
7206	3	1	161
7207	3	1	160
7208	3	1	175
7209	3	1	174
7210	3	1	173
7211	3	1	172
7212	3	1	171
7213	3	1	170
7214	3	1	169
7215	3	1	168
7216	3	1	183
7217	3	1	182
7218	3	1	181
7219	3	1	180
7220	3	1	179
7221	3	1	178
7222	3	1	177
7223	3	1	176
7224	3	1	191
7225	3	1	190
7226	3	1	189
7227	3	1	188
7228	3	1	187
7229	3	1	186
7230	3	1	185
7231	3	1	184
7232	3	1	71
7233	3	1	70
7234	3	1	69
7235	3	1	68
7236	3	1	67
7237	3	1	66
7238	3	1	65
7239	3	1	64
7240	3	1	79
7241	3	1	78
7242	3	1	77
7243	3	1	76
7244	3	1	75
7245	3	1	74
7246	3	1	73
7247	3	1	72
7248	3	1	87
7249	3	1	86
7250	3	1	85
7251	3	1	84
7252	3	1	83
7253	3	1	82
7254	3	1	81
7255	3	1	80
7256	3	1	95
7257	3	1	94
7258	3	1	93
7259	3	1	92
7260	3	1	91
7261	3	1	90
7262	3	1	89
7263	3	1	88
7264	3	1	103
7265	3	1	102
7266	3	1	101
7267	3	1	100
7268	3	1	99
7269	3	1	98
7270	3	1	97
7271	3	1	96
7272	3	1	111
7273	3	1	110
7274	3	1	109
7275	3	1	108
7276	3	1	107
7277	3	1	106
7278	3	1	105
7279	3	1	104
7280	3	1	119
7281	3	1	118
7282	3	1	117
7283	3	1	116
7284	3	1	115
7285	3	1	114
7286	3	1	113
7287	3	1	112
7288	3	1	127
7289	3	1	126
7290	3	1	125
7291	3	1	124
7292	3	1	123
7293	3	1	122
7294	3	1	121
7295	3	1	120
7296	3	1	7
7297	3	1	6
7298	3	1	5
7299	3	1	4
7300	3	1	3
7301	3	1	2
7302	3	1	1
7303	3	1	0
7304	3	1	15
7305	3	1	14
7306	3	1	13
7307	3	1	12
7308	3	1	11
7309	3	1	10
7310	3	1	9
7311	3	1	8
7312	3	1	23
7313	3	1	22
7314	3	1	21
7315	3	1	20
7316	3	1	19
7317	3	1	18
7318	3	1	17
7319	3	1	16
7320	3	1	31
7321	3	1	30
7322	3	1	29
7323	3	1	28
7324	3	1	27
7325	3	1	26
7326	3	1	25
7327	3	1	24
7328	3	1	39
7329	3	1	38
7330	3	1	37
7331	3	1	36
7332	3	1	35
7333	3	1	34
7334	3	1	33
7335	3	1	32
7336	3	1	47
7337	3	1	46
7338	3	1	45
7339	3	1	44
7340	3	1	43
7341	3	1	42
7342	3	1	41
7343	3	1	40
7344	3	1	55
7345	3	1	54
7346	3	1	53
7347	3	1	52
7348	3	1	51
7349	3	1	50
7350	3	1	49
7351	3	1	48
7352	3	1	63
7353	3	1	62
7354	3	1	61
7355	3	1	60
7356	3	1	59
7357	3	1	58
7358	3	1	57
7359	3	1	56
7360	2	1	263
7361	2	1	262
7362	2	1	261
7363	2	1	260
7364	2	1	259
7365	2	1	258
7366	2	1	257
7367	2	1	256
7368	2	1	271
7369	2	1	270
7370	2	1	269
7371	2	1	268
7372	2	1	267
7373	2	1	266
7374	2	1	265
7375	2	1	264
7376	2	1	279
7377	2	1	278
7378	2	1	277
7379	2	1	276
7380	2	1	275
7381	2	1	274
7382	2	1	273
7383	2	1	272
7384	2	1	287
7385	2	1	286
7386	2	1	285
7387	2	1	284
7388	2	1	283
7389	2	1	282
7390	2	1	281
7391	2	1	280
7392	2	1	295
7393	2	1	294
7394	2	1	293
7395	2	1	292
7396	2	1	291
7397	2	1	290
7398	2	1	289
7399	2	1	288
7400	2	1	303
7401	2	1	302
7402	2	1	301
7403	2	1	300
7404	2	1	299
7405	2	1	298
7406	2	1	297
7407	2	1	296
7408	2	1	311
7409	2	1	310
7410	2	1	309
7411	2	1	308
7412	2	1	307
7413	2	1	306
7414	2	1	305
7415	2	1	304
7416	2	1	319
7417	2	1	318
7418	2	1	317
7419	2	1	316
7420	2	1	315
7421	2	1	314
7422	2	1	313
7423	2	1	312
7424	2	1	199
7425	2	1	198
7426	2	1	197
7427	2	1	196
7428	2	1	195
7429	2	1	194
7430	2	1	193
7431	2	1	192
7432	2	1	207
7433	2	1	206
7434	2	1	205
7435	2	1	204
7436	2	1	203
7437	2	1	202
7438	2	1	201
7439	2	1	200
7440	2	1	215
7441	2	1	214
7442	2	1	213
7443	2	1	212
7444	2	1	211
7445	2	1	210
7446	2	1	209
7447	2	1	208
7448	2	1	223
7449	2	1	222
7450	2	1	221
7451	2	1	220
7452	2	1	219
7453	2	1	218
7454	2	1	217
7455	2	1	216
7456	2	1	231
7457	2	1	230
7458	2	1	229
7459	2	1	228
7460	2	1	227
7461	2	1	226
7462	2	1	225
7463	2	1	224
7464	2	1	239
7465	2	1	238
7466	2	1	237
7467	2	1	236
7468	2	1	235
7469	2	1	234
7470	2	1	233
7471	2	1	232
7472	2	1	247
7473	2	1	246
7474	2	1	245
7475	2	1	244
7476	2	1	243
7477	2	1	242
7478	2	1	241
7479	2	1	240
7480	2	1	255
7481	2	1	254
7482	2	1	253
7483	2	1	252
7484	2	1	251
7485	2	1	250
7486	2	1	249
7487	2	1	248
7488	2	1	135
7489	2	1	134
7490	2	1	133
7491	2	1	132
7492	2	1	131
7493	2	1	130
7494	2	1	129
7495	2	1	128
7496	2	1	143
7497	2	1	142
7498	2	1	141
7499	2	1	140
7500	2	1	139
7501	2	1	138
7502	2	1	137
7503	2	1	136
7504	2	1	151
7505	2	1	150
7506	2	1	149
7507	2	1	148
7508	2	1	147
7509	2	1	146
7510	2	1	145
7511	2	1	144
7512	2	1	159
7513	2	1	158
7514	2	1	157
7515	2	1	156
7516	2	1	155
7517	2	1	154
7518	2	1	153
7519	2	1	152
7520	2	1	167
7521	2	1	166
7522	2	1	165
7523	2	1	164
7524	2	1	163
7525	2	1	162
7526	2	1	161
7527	2	1	160
7528	2	1	175
7529	2	1	174
7530	2	1	173
7531	2	1	172
7532	2	1	171
7533	2	1	170
7534	2	1	169
7535	2	1	168
7536	2	1	183
7537	2	1	182
7538	2	1	181
7539	2	1	180
7540	2	1	179
7541	2	1	178
7542	2	1	177
7543	2	1	176
7544	2	1	191
7545	2	1	190
7546	2	1	189
7547	2	1	188
7548	2	1	187
7549	2	1	186
7550	2	1	185
7551	2	1	184
7552	2	1	71
7553	2	1	70
7554	2	1	69
7555	2	1	68
7556	2	1	67
7557	2	1	66
7558	2	1	65
7559	2	1	64
7560	2	1	79
7561	2	1	78
7562	2	1	77
7563	2	1	76
7564	2	1	75
7565	2	1	74
7566	2	1	73
7567	2	1	72
7568	2	1	87
7569	2	1	86
7570	2	1	85
7571	2	1	84
7572	2	1	83
7573	2	1	82
7574	2	1	81
7575	2	1	80
7576	2	1	95
7577	2	1	94
7578	2	1	93
7579	2	1	92
7580	2	1	91
7581	2	1	90
7582	2	1	89
7583	2	1	88
7584	2	1	103
7585	2	1	102
7586	2	1	101
7587	2	1	100
7588	2	1	99
7589	2	1	98
7590	2	1	97
7591	2	1	96
7592	2	1	111
7593	2	1	110
7594	2	1	109
7595	2	1	108
7596	2	1	107
7597	2	1	106
7598	2	1	105
7599	2	1	104
7600	2	1	119
7601	2	1	118
7602	2	1	117
7603	2	1	116
7604	2	1	115
7605	2	1	114
7606	2	1	113
7607	2	1	112
7608	2	1	127
7609	2	1	126
7610	2	1	125
7611	2	1	124
7612	2	1	123
7613	2	1	122
7614	2	1	121
7615	2	1	120
7616	2	1	7
7617	2	1	6
7618	2	1	5
7619	2	1	4
7620	2	1	3
7621	2	1	2
7622	2	1	1
7623	2	1	0
7624	2	1	15
7625	2	1	14
7626	2	1	13
7627	2	1	12
7628	2	1	11
7629	2	1	10
7630	2	1	9
7631	2	1	8
7632	2	1	23
7633	2	1	22
7634	2	1	21
7635	2	1	20
7636	2	1	19
7637	2	1	18
7638	2	1	17
7639	2	1	16
7640	2	1	31
7641	2	1	30
7642	2	1	29
7643	2	1	28
7644	2	1	27
7645	2	1	26
7646	2	1	25
7647	2	1	24
7648	2	1	39
7649	2	1	38
7650	2	1	37
7651	2	1	36
7652	2	1	35
7653	2	1	34
7654	2	1	33
7655	2	1	32
7656	2	1	47
7657	2	1	46
7658	2	1	45
7659	2	1	44
7660	2	1	43
7661	2	1	42
7662	2	1	41
7663	2	1	40
7664	2	1	55
7665	2	1	54
7666	2	1	53
7667	2	1	52
7668	2	1	51
7669	2	1	50
7670	2	1	49
7671	2	1	48
7672	2	1	63
7673	2	1	62
7674	2	1	61
7675	2	1	60
7676	2	1	59
7677	2	1	58
7678	2	1	57
7679	2	1	56
