DAQ	Glob	AB	FEMB	ASIC	ASICch	View	ViewCh
0	810	0	6	0	0	0	810
1	811	0	6	0	1	0	811
2	812	0	6	0	2	0	812
3	813	0	6	0	3	0	813
4	814	0	6	0	4	0	814
5	815	0	6	0	5	0	815
6	816	0	6	0	6	0	816
7	817	0	6	0	7	0	817
8	818	0	6	0	8	0	818
9	819	0	6	0	9	0	819
10	820	0	6	0	10	0	820
11	821	0	6	0	11	0	821
12	822	0	6	0	12	0	822
13	823	0	6	0	13	0	823
14	824	0	6	0	14	0	824
15	825	0	6	0	15	0	825
16	1681	0	6	1	0	1	729
17	1680	0	6	1	1	1	728
18	1679	0	6	1	2	1	727
19	1678	0	6	1	3	1	726
20	1677	0	6	1	4	1	725
21	1676	0	6	1	5	1	724
22	1675	0	6	1	6	1	723
23	1674	0	6	1	7	1	722
24	1673	0	6	1	8	1	721
25	1672	0	6	1	9	1	720
26	1671	0	6	1	10	1	719
27	1670	0	6	1	11	1	718
28	1669	0	6	1	12	1	717
29	1668	0	6	1	13	1	716
30	1667	0	6	1	14	1	715
31	1666	0	6	1	15	1	714
32	1665	0	6	2	0	1	713
33	1664	0	6	2	1	1	712
34	1663	0	6	2	2	1	711
35	1662	0	6	2	3	1	710
36	1661	0	6	2	4	1	709
37	1660	0	6	2	5	1	708
38	1659	0	6	2	6	1	707
39	1658	0	6	2	7	1	706
40	1657	0	6	2	8	1	705
41	1656	0	6	2	9	1	704
42	1655	0	6	2	10	1	703
43	1654	0	6	2	11	1	702
44	1653	0	6	2	12	1	701
45	1652	0	6	2	13	1	700
46	1651	0	6	2	14	1	699
47	1650	0	6	2	15	1	698
48	794	0	6	3	0	0	794
49	795	0	6	3	1	0	795
50	796	0	6	3	2	0	796
51	797	0	6	3	3	0	797
52	798	0	6	3	4	0	798
53	799	0	6	3	5	0	799
54	800	0	6	3	6	0	800
55	801	0	6	3	7	0	801
56	802	0	6	3	8	0	802
57	803	0	6	3	9	0	803
58	804	0	6	3	10	0	804
59	805	0	6	3	11	0	805
60	806	0	6	3	12	0	806
61	807	0	6	3	13	0	807
62	808	0	6	3	14	0	808
63	809	0	6	3	15	0	809
64	778	0	6	4	0	0	778
65	779	0	6	4	1	0	779
66	780	0	6	4	2	0	780
67	781	0	6	4	3	0	781
68	782	0	6	4	4	0	782
69	783	0	6	4	5	0	783
70	784	0	6	4	6	0	784
71	785	0	6	4	7	0	785
72	786	0	6	4	8	0	786
73	787	0	6	4	9	0	787
74	788	0	6	4	10	0	788
75	789	0	6	4	11	0	789
76	790	0	6	4	12	0	790
77	791	0	6	4	13	0	791
78	792	0	6	4	14	0	792
79	793	0	6	4	15	0	793
80	1649	0	6	5	0	1	697
81	1648	0	6	5	1	1	696
82	1647	0	6	5	2	1	695
83	1646	0	6	5	3	1	694
84	1645	0	6	5	4	1	693
85	1644	0	6	5	5	1	692
86	1643	0	6	5	6	1	691
87	1642	0	6	5	7	1	690
88	1641	0	6	5	8	1	689
89	1640	0	6	5	9	1	688
90	1639	0	6	5	10	1	687
91	1638	0	6	5	11	1	686
92	1637	0	6	5	12	1	685
93	1636	0	6	5	13	1	684
94	1635	0	6	5	14	1	683
95	1634	0	6	5	15	1	682
96	1633	0	6	6	0	1	681
97	1632	0	6	6	1	1	680
98	1631	0	6	6	2	1	679
99	1630	0	6	6	3	1	678
100	1629	0	6	6	4	1	677
101	1628	0	6	6	5	1	676
102	1627	0	6	6	6	1	675
103	1626	0	6	6	7	1	674
104	1625	0	6	6	8	1	673
105	1624	0	6	6	9	1	672
106	1623	0	6	6	10	1	671
107	1622	0	6	6	11	1	670
108	1621	0	6	6	12	1	669
109	1620	0	6	6	13	1	668
110	1619	0	6	6	14	1	667
111	1618	0	6	6	15	1	666
112	762	0	6	7	0	0	762
113	763	0	6	7	1	0	763
114	764	0	6	7	2	0	764
115	765	0	6	7	3	0	765
116	766	0	6	7	4	0	766
117	767	0	6	7	5	0	767
118	768	0	6	7	6	0	768
119	769	0	6	7	7	0	769
120	770	0	6	7	8	0	770
121	771	0	6	7	9	0	771
122	772	0	6	7	10	0	772
123	773	0	6	7	11	0	773
124	774	0	6	7	12	0	774
125	775	0	6	7	13	0	775
126	776	0	6	7	14	0	776
127	777	0	6	7	15	0	777
128	874	0	5	0	0	0	874
129	875	0	5	0	1	0	875
130	876	0	5	0	2	0	876
131	877	0	5	0	3	0	877
132	878	0	5	0	4	0	878
133	879	0	5	0	5	0	879
134	880	0	5	0	6	0	880
135	881	0	5	0	7	0	881
136	882	0	5	0	8	0	882
137	883	0	5	0	9	0	883
138	884	0	5	0	10	0	884
139	885	0	5	0	11	0	885
140	886	0	5	0	12	0	886
141	887	0	5	0	13	0	887
142	888	0	5	0	14	0	888
143	889	0	5	0	15	0	889
144	1745	0	5	1	0	1	793
145	1744	0	5	1	1	1	792
146	1743	0	5	1	2	1	791
147	1742	0	5	1	3	1	790
148	1741	0	5	1	4	1	789
149	1740	0	5	1	5	1	788
150	1739	0	5	1	6	1	787
151	1738	0	5	1	7	1	786
152	1737	0	5	1	8	1	785
153	1736	0	5	1	9	1	784
154	1735	0	5	1	10	1	783
155	1734	0	5	1	11	1	782
156	1733	0	5	1	12	1	781
157	1732	0	5	1	13	1	780
158	1731	0	5	1	14	1	779
159	1730	0	5	1	15	1	778
160	1729	0	5	2	0	1	777
161	1728	0	5	2	1	1	776
162	1727	0	5	2	2	1	775
163	1726	0	5	2	3	1	774
164	1725	0	5	2	4	1	773
165	1724	0	5	2	5	1	772
166	1723	0	5	2	6	1	771
167	1722	0	5	2	7	1	770
168	1721	0	5	2	8	1	769
169	1720	0	5	2	9	1	768
170	1719	0	5	2	10	1	767
171	1718	0	5	2	11	1	766
172	1717	0	5	2	12	1	765
173	1716	0	5	2	13	1	764
174	1715	0	5	2	14	1	763
175	1714	0	5	2	15	1	762
176	858	0	5	3	0	0	858
177	859	0	5	3	1	0	859
178	860	0	5	3	2	0	860
179	861	0	5	3	3	0	861
180	862	0	5	3	4	0	862
181	863	0	5	3	5	0	863
182	864	0	5	3	6	0	864
183	865	0	5	3	7	0	865
184	866	0	5	3	8	0	866
185	867	0	5	3	9	0	867
186	868	0	5	3	10	0	868
187	869	0	5	3	11	0	869
188	870	0	5	3	12	0	870
189	871	0	5	3	13	0	871
190	872	0	5	3	14	0	872
191	873	0	5	3	15	0	873
192	842	0	5	4	0	0	842
193	843	0	5	4	1	0	843
194	844	0	5	4	2	0	844
195	845	0	5	4	3	0	845
196	846	0	5	4	4	0	846
197	847	0	5	4	5	0	847
198	848	0	5	4	6	0	848
199	849	0	5	4	7	0	849
200	850	0	5	4	8	0	850
201	851	0	5	4	9	0	851
202	852	0	5	4	10	0	852
203	853	0	5	4	11	0	853
204	854	0	5	4	12	0	854
205	855	0	5	4	13	0	855
206	856	0	5	4	14	0	856
207	857	0	5	4	15	0	857
208	1713	0	5	5	0	1	761
209	1712	0	5	5	1	1	760
210	1711	0	5	5	2	1	759
211	1710	0	5	5	3	1	758
212	1709	0	5	5	4	1	757
213	1708	0	5	5	5	1	756
214	1707	0	5	5	6	1	755
215	1706	0	5	5	7	1	754
216	1705	0	5	5	8	1	753
217	1704	0	5	5	9	1	752
218	1703	0	5	5	10	1	751
219	1702	0	5	5	11	1	750
220	1701	0	5	5	12	1	749
221	1700	0	5	5	13	1	748
222	1699	0	5	5	14	1	747
223	1698	0	5	5	15	1	746
224	1697	0	5	6	0	1	745
225	1696	0	5	6	1	1	744
226	1695	0	5	6	2	1	743
227	1694	0	5	6	3	1	742
228	1693	0	5	6	4	1	741
229	1692	0	5	6	5	1	740
230	1691	0	5	6	6	1	739
231	1690	0	5	6	7	1	738
232	1689	0	5	6	8	1	737
233	1688	0	5	6	9	1	736
234	1687	0	5	6	10	1	735
235	1686	0	5	6	11	1	734
236	1685	0	5	6	12	1	733
237	1684	0	5	6	13	1	732
238	1683	0	5	6	14	1	731
239	1682	0	5	6	15	1	730
240	826	0	5	7	0	0	826
241	827	0	5	7	1	0	827
242	828	0	5	7	2	0	828
243	829	0	5	7	3	0	829
244	830	0	5	7	4	0	830
245	831	0	5	7	5	0	831
246	832	0	5	7	6	0	832
247	833	0	5	7	7	0	833
248	834	0	5	7	8	0	834
249	835	0	5	7	9	0	835
250	836	0	5	7	10	0	836
251	837	0	5	7	11	0	837
252	838	0	5	7	12	0	838
253	839	0	5	7	13	0	839
254	840	0	5	7	14	0	840
255	841	0	5	7	15	0	841
256	1864	1	2	0	0	1	912
257	2898	1	2	0	1	2	994
258	1865	1	2	0	2	1	913
259	2895	1	2	0	3	2	991
260	1866	1	2	0	4	1	914
261	2892	1	2	0	5	2	988
262	1867	1	2	0	6	1	915
263	2889	1	2	0	7	2	985
264	1868	1	2	0	8	1	916
265	2886	1	2	0	9	2	982
266	1869	1	2	0	10	1	917
267	2883	1	2	0	11	2	979
268	1870	1	2	0	12	1	918
269	2880	1	2	0	13	2	976
270	1871	1	2	0	14	1	919
271	2877	1	2	0	15	2	973
272	2876	1	2	1	0	2	972
273	2878	1	2	1	1	2	974
274	2879	1	2	1	2	2	975
275	2881	1	2	1	3	2	977
276	2882	1	2	1	4	2	978
277	2884	1	2	1	5	2	980
278	2885	1	2	1	6	2	981
279	2887	1	2	1	7	2	983
280	2888	1	2	1	8	2	984
281	2890	1	2	1	9	2	986
282	2891	1	2	1	10	2	987
283	2893	1	2	1	11	2	989
284	2894	1	2	1	12	2	990
285	2896	1	2	1	13	2	992
286	2897	1	2	1	14	2	993
287	2899	1	2	1	15	2	995
288	2900	1	2	2	0	2	996
289	2902	1	2	2	1	2	998
290	2903	1	2	2	2	2	999
291	2905	1	2	2	3	2	1001
292	2906	1	2	2	4	2	1002
293	2908	1	2	2	5	2	1004
294	2909	1	2	2	6	2	1005
295	2911	1	2	2	7	2	1007
296	2912	1	2	2	8	2	1008
297	2914	1	2	2	9	2	1010
298	2915	1	2	2	10	2	1011
299	2917	1	2	2	11	2	1013
300	2918	1	2	2	12	2	1014
301	2920	1	2	2	13	2	1016
302	2921	1	2	2	14	2	1017
303	2923	1	2	2	15	2	1019
304	1856	1	2	3	0	1	904
305	2922	1	2	3	1	2	1018
306	1857	1	2	3	2	1	905
307	2919	1	2	3	3	2	1015
308	1858	1	2	3	4	1	906
309	2916	1	2	3	5	2	1012
310	1859	1	2	3	6	1	907
311	2913	1	2	3	7	2	1009
312	1860	1	2	3	8	1	908
313	2910	1	2	3	9	2	1006
314	1861	1	2	3	10	1	909
315	2907	1	2	3	11	2	1003
316	1862	1	2	3	12	1	910
317	2904	1	2	3	13	2	1000
318	1863	1	2	3	14	1	911
319	2901	1	2	3	15	2	997
320	1848	1	2	4	0	1	896
321	2946	1	2	4	1	2	1042
322	1849	1	2	4	2	1	897
323	2943	1	2	4	3	2	1039
324	1850	1	2	4	4	1	898
325	2940	1	2	4	5	2	1036
326	1851	1	2	4	6	1	899
327	2937	1	2	4	7	2	1033
328	1852	1	2	4	8	1	900
329	2934	1	2	4	9	2	1030
330	1853	1	2	4	10	1	901
331	2931	1	2	4	11	2	1027
332	1854	1	2	4	12	1	902
333	2928	1	2	4	13	2	1024
334	1855	1	2	4	14	1	903
335	2925	1	2	4	15	2	1021
336	2924	1	2	5	0	2	1020
337	2926	1	2	5	1	2	1022
338	2927	1	2	5	2	2	1023
339	2929	1	2	5	3	2	1025
340	2930	1	2	5	4	2	1026
341	2932	1	2	5	5	2	1028
342	2933	1	2	5	6	2	1029
343	2935	1	2	5	7	2	1031
344	2936	1	2	5	8	2	1032
345	2938	1	2	5	9	2	1034
346	2939	1	2	5	10	2	1035
347	2941	1	2	5	11	2	1037
348	2942	1	2	5	12	2	1038
349	2944	1	2	5	13	2	1040
350	2945	1	2	5	14	2	1041
351	2947	1	2	5	15	2	1043
352	2948	1	2	6	0	2	1044
353	2950	1	2	6	1	2	1046
354	2951	1	2	6	2	2	1047
355	2953	1	2	6	3	2	1049
356	2954	1	2	6	4	2	1050
357	2956	1	2	6	5	2	1052
358	2957	1	2	6	6	2	1053
359	2959	1	2	6	7	2	1055
360	2960	1	2	6	8	2	1056
361	2962	1	2	6	9	2	1058
362	2963	1	2	6	10	2	1059
363	2965	1	2	6	11	2	1061
364	2966	1	2	6	12	2	1062
365	2968	1	2	6	13	2	1064
366	2969	1	2	6	14	2	1065
367	2971	1	2	6	15	2	1067
368	1840	1	2	7	0	1	888
369	2970	1	2	7	1	2	1066
370	1841	1	2	7	2	1	889
371	2967	1	2	7	3	2	1063
372	1842	1	2	7	4	1	890
373	2964	1	2	7	5	2	1060
374	1843	1	2	7	6	1	891
375	2961	1	2	7	7	2	1057
376	1844	1	2	7	8	1	892
377	2958	1	2	7	9	2	1054
378	1845	1	2	7	10	1	893
379	2955	1	2	7	11	2	1051
380	1846	1	2	7	12	1	894
381	2952	1	2	7	13	2	1048
382	1847	1	2	7	14	1	895
383	2949	1	2	7	15	2	1045
384	1896	1	1	0	0	1	944
385	2802	1	1	0	1	2	898
386	1897	1	1	0	2	1	945
387	2799	1	1	0	3	2	895
388	1898	1	1	0	4	1	946
389	2796	1	1	0	5	2	892
390	1899	1	1	0	6	1	947
391	2793	1	1	0	7	2	889
392	1900	1	1	0	8	1	948
393	2790	1	1	0	9	2	886
394	1901	1	1	0	10	1	949
395	2787	1	1	0	11	2	883
396	1902	1	1	0	12	1	950
397	2784	1	1	0	13	2	880
398	1903	1	1	0	14	1	951
399	2781	1	1	0	15	2	877
400	2780	1	1	1	0	2	876
401	2782	1	1	1	1	2	878
402	2783	1	1	1	2	2	879
403	2785	1	1	1	3	2	881
404	2786	1	1	1	4	2	882
405	2788	1	1	1	5	2	884
406	2789	1	1	1	6	2	885
407	2791	1	1	1	7	2	887
408	2792	1	1	1	8	2	888
409	2794	1	1	1	9	2	890
410	2795	1	1	1	10	2	891
411	2797	1	1	1	11	2	893
412	2798	1	1	1	12	2	894
413	2800	1	1	1	13	2	896
414	2801	1	1	1	14	2	897
415	2803	1	1	1	15	2	899
416	2804	1	1	2	0	2	900
417	2806	1	1	2	1	2	902
418	2807	1	1	2	2	2	903
419	2809	1	1	2	3	2	905
420	2810	1	1	2	4	2	906
421	2812	1	1	2	5	2	908
422	2813	1	1	2	6	2	909
423	2815	1	1	2	7	2	911
424	2816	1	1	2	8	2	912
425	2818	1	1	2	9	2	914
426	2819	1	1	2	10	2	915
427	2821	1	1	2	11	2	917
428	2822	1	1	2	12	2	918
429	2824	1	1	2	13	2	920
430	2825	1	1	2	14	2	921
431	2827	1	1	2	15	2	923
432	1888	1	1	3	0	1	936
433	2826	1	1	3	1	2	922
434	1889	1	1	3	2	1	937
435	2823	1	1	3	3	2	919
436	1890	1	1	3	4	1	938
437	2820	1	1	3	5	2	916
438	1891	1	1	3	6	1	939
439	2817	1	1	3	7	2	913
440	1892	1	1	3	8	1	940
441	2814	1	1	3	9	2	910
442	1893	1	1	3	10	1	941
443	2811	1	1	3	11	2	907
444	1894	1	1	3	12	1	942
445	2808	1	1	3	13	2	904
446	1895	1	1	3	14	1	943
447	2805	1	1	3	15	2	901
448	1880	1	1	4	0	1	928
449	2850	1	1	4	1	2	946
450	1881	1	1	4	2	1	929
451	2847	1	1	4	3	2	943
452	1882	1	1	4	4	1	930
453	2844	1	1	4	5	2	940
454	1883	1	1	4	6	1	931
455	2841	1	1	4	7	2	937
456	1884	1	1	4	8	1	932
457	2838	1	1	4	9	2	934
458	1885	1	1	4	10	1	933
459	2835	1	1	4	11	2	931
460	1886	1	1	4	12	1	934
461	2832	1	1	4	13	2	928
462	1887	1	1	4	14	1	935
463	2829	1	1	4	15	2	925
464	2828	1	1	5	0	2	924
465	2830	1	1	5	1	2	926
466	2831	1	1	5	2	2	927
467	2833	1	1	5	3	2	929
468	2834	1	1	5	4	2	930
469	2836	1	1	5	5	2	932
470	2837	1	1	5	6	2	933
471	2839	1	1	5	7	2	935
472	2840	1	1	5	8	2	936
473	2842	1	1	5	9	2	938
474	2843	1	1	5	10	2	939
475	2845	1	1	5	11	2	941
476	2846	1	1	5	12	2	942
477	2848	1	1	5	13	2	944
478	2849	1	1	5	14	2	945
479	2851	1	1	5	15	2	947
480	2852	1	1	6	0	2	948
481	2854	1	1	6	1	2	950
482	2855	1	1	6	2	2	951
483	2857	1	1	6	3	2	953
484	2858	1	1	6	4	2	954
485	2860	1	1	6	5	2	956
486	2861	1	1	6	6	2	957
487	2863	1	1	6	7	2	959
488	2864	1	1	6	8	2	960
489	2866	1	1	6	9	2	962
490	2867	1	1	6	10	2	963
491	2869	1	1	6	11	2	965
492	2870	1	1	6	12	2	966
493	2872	1	1	6	13	2	968
494	2873	1	1	6	14	2	969
495	2875	1	1	6	15	2	971
496	1872	1	1	7	0	1	920
497	2874	1	1	7	1	2	970
498	1873	1	1	7	2	1	921
499	2871	1	1	7	3	2	967
500	1874	1	1	7	4	1	922
501	2868	1	1	7	5	2	964
502	1875	1	1	7	6	1	923
503	2865	1	1	7	7	2	961
504	1876	1	1	7	8	1	924
505	2862	1	1	7	9	2	958
506	1877	1	1	7	10	1	925
507	2859	1	1	7	11	2	955
508	1878	1	1	7	12	1	926
509	2856	1	1	7	13	2	952
510	1879	1	1	7	14	1	927
511	2853	1	1	7	15	2	949
512	682	2	8	0	0	0	682
513	683	2	8	0	1	0	683
514	684	2	8	0	2	0	684
515	685	2	8	0	3	0	685
516	686	2	8	0	4	0	686
517	687	2	8	0	5	0	687
518	688	2	8	0	6	0	688
519	689	2	8	0	7	0	689
520	690	2	8	0	8	0	690
521	691	2	8	0	9	0	691
522	692	2	8	0	10	0	692
523	693	2	8	0	11	0	693
524	694	2	8	0	12	0	694
525	695	2	8	0	13	0	695
526	696	2	8	0	14	0	696
527	697	2	8	0	15	0	697
528	1553	2	8	1	0	1	601
529	1552	2	8	1	1	1	600
530	1551	2	8	1	2	1	599
531	1550	2	8	1	3	1	598
532	1549	2	8	1	4	1	597
533	1548	2	8	1	5	1	596
534	1547	2	8	1	6	1	595
535	1546	2	8	1	7	1	594
536	1545	2	8	1	8	1	593
537	1544	2	8	1	9	1	592
538	1543	2	8	1	10	1	591
539	1542	2	8	1	11	1	590
540	1541	2	8	1	12	1	589
541	1540	2	8	1	13	1	588
542	1539	2	8	1	14	1	587
543	1538	2	8	1	15	1	586
544	1537	2	8	2	0	1	585
545	1536	2	8	2	1	1	584
546	1535	2	8	2	2	1	583
547	1534	2	8	2	3	1	582
548	1533	2	8	2	4	1	581
549	1532	2	8	2	5	1	580
550	1531	2	8	2	6	1	579
551	1530	2	8	2	7	1	578
552	1529	2	8	2	8	1	577
553	1528	2	8	2	9	1	576
554	1527	2	8	2	10	1	575
555	1526	2	8	2	11	1	574
556	1525	2	8	2	12	1	573
557	1524	2	8	2	13	1	572
558	1523	2	8	2	14	1	571
559	1522	2	8	2	15	1	570
560	666	2	8	3	0	0	666
561	667	2	8	3	1	0	667
562	668	2	8	3	2	0	668
563	669	2	8	3	3	0	669
564	670	2	8	3	4	0	670
565	671	2	8	3	5	0	671
566	672	2	8	3	6	0	672
567	673	2	8	3	7	0	673
568	674	2	8	3	8	0	674
569	675	2	8	3	9	0	675
570	676	2	8	3	10	0	676
571	677	2	8	3	11	0	677
572	678	2	8	3	12	0	678
573	679	2	8	3	13	0	679
574	680	2	8	3	14	0	680
575	681	2	8	3	15	0	681
576	650	2	8	4	0	0	650
577	651	2	8	4	1	0	651
578	652	2	8	4	2	0	652
579	653	2	8	4	3	0	653
580	654	2	8	4	4	0	654
581	655	2	8	4	5	0	655
582	656	2	8	4	6	0	656
583	657	2	8	4	7	0	657
584	658	2	8	4	8	0	658
585	659	2	8	4	9	0	659
586	660	2	8	4	10	0	660
587	661	2	8	4	11	0	661
588	662	2	8	4	12	0	662
589	663	2	8	4	13	0	663
590	664	2	8	4	14	0	664
591	665	2	8	4	15	0	665
592	1521	2	8	5	0	1	569
593	1520	2	8	5	1	1	568
594	1519	2	8	5	2	1	567
595	1518	2	8	5	3	1	566
596	1517	2	8	5	4	1	565
597	1516	2	8	5	5	1	564
598	1515	2	8	5	6	1	563
599	1514	2	8	5	7	1	562
600	1513	2	8	5	8	1	561
601	1512	2	8	5	9	1	560
602	1511	2	8	5	10	1	559
603	1510	2	8	5	11	1	558
604	1509	2	8	5	12	1	557
605	1508	2	8	5	13	1	556
606	1507	2	8	5	14	1	555
607	1506	2	8	5	15	1	554
608	1505	2	8	6	0	1	553
609	1504	2	8	6	1	1	552
610	1503	2	8	6	2	1	551
611	1502	2	8	6	3	1	550
612	1501	2	8	6	4	1	549
613	1500	2	8	6	5	1	548
614	1499	2	8	6	6	1	547
615	1498	2	8	6	7	1	546
616	1497	2	8	6	8	1	545
617	1496	2	8	6	9	1	544
618	1495	2	8	6	10	1	543
619	1494	2	8	6	11	1	542
620	1493	2	8	6	12	1	541
621	1492	2	8	6	13	1	540
622	1491	2	8	6	14	1	539
623	1490	2	8	6	15	1	538
624	634	2	8	7	0	0	634
625	635	2	8	7	1	0	635
626	636	2	8	7	2	0	636
627	637	2	8	7	3	0	637
628	638	2	8	7	4	0	638
629	639	2	8	7	5	0	639
630	640	2	8	7	6	0	640
631	641	2	8	7	7	0	641
632	642	2	8	7	8	0	642
633	643	2	8	7	9	0	643
634	644	2	8	7	10	0	644
635	645	2	8	7	11	0	645
636	646	2	8	7	12	0	646
637	647	2	8	7	13	0	647
638	648	2	8	7	14	0	648
639	649	2	8	7	15	0	649
640	746	2	7	0	0	0	746
641	747	2	7	0	1	0	747
642	748	2	7	0	2	0	748
643	749	2	7	0	3	0	749
644	750	2	7	0	4	0	750
645	751	2	7	0	5	0	751
646	752	2	7	0	6	0	752
647	753	2	7	0	7	0	753
648	754	2	7	0	8	0	754
649	755	2	7	0	9	0	755
650	756	2	7	0	10	0	756
651	757	2	7	0	11	0	757
652	758	2	7	0	12	0	758
653	759	2	7	0	13	0	759
654	760	2	7	0	14	0	760
655	761	2	7	0	15	0	761
656	1617	2	7	1	0	1	665
657	1616	2	7	1	1	1	664
658	1615	2	7	1	2	1	663
659	1614	2	7	1	3	1	662
660	1613	2	7	1	4	1	661
661	1612	2	7	1	5	1	660
662	1611	2	7	1	6	1	659
663	1610	2	7	1	7	1	658
664	1609	2	7	1	8	1	657
665	1608	2	7	1	9	1	656
666	1607	2	7	1	10	1	655
667	1606	2	7	1	11	1	654
668	1605	2	7	1	12	1	653
669	1604	2	7	1	13	1	652
670	1603	2	7	1	14	1	651
671	1602	2	7	1	15	1	650
672	1601	2	7	2	0	1	649
673	1600	2	7	2	1	1	648
674	1599	2	7	2	2	1	647
675	1598	2	7	2	3	1	646
676	1597	2	7	2	4	1	645
677	1596	2	7	2	5	1	644
678	1595	2	7	2	6	1	643
679	1594	2	7	2	7	1	642
680	1593	2	7	2	8	1	641
681	1592	2	7	2	9	1	640
682	1591	2	7	2	10	1	639
683	1590	2	7	2	11	1	638
684	1589	2	7	2	12	1	637
685	1588	2	7	2	13	1	636
686	1587	2	7	2	14	1	635
687	1586	2	7	2	15	1	634
688	730	2	7	3	0	0	730
689	731	2	7	3	1	0	731
690	732	2	7	3	2	0	732
691	733	2	7	3	3	0	733
692	734	2	7	3	4	0	734
693	735	2	7	3	5	0	735
694	736	2	7	3	6	0	736
695	737	2	7	3	7	0	737
696	738	2	7	3	8	0	738
697	739	2	7	3	9	0	739
698	740	2	7	3	10	0	740
699	741	2	7	3	11	0	741
700	742	2	7	3	12	0	742
701	743	2	7	3	13	0	743
702	744	2	7	3	14	0	744
703	745	2	7	3	15	0	745
704	714	2	7	4	0	0	714
705	715	2	7	4	1	0	715
706	716	2	7	4	2	0	716
707	717	2	7	4	3	0	717
708	718	2	7	4	4	0	718
709	719	2	7	4	5	0	719
710	720	2	7	4	6	0	720
711	721	2	7	4	7	0	721
712	722	2	7	4	8	0	722
713	723	2	7	4	9	0	723
714	724	2	7	4	10	0	724
715	725	2	7	4	11	0	725
716	726	2	7	4	12	0	726
717	727	2	7	4	13	0	727
718	728	2	7	4	14	0	728
719	729	2	7	4	15	0	729
720	1585	2	7	5	0	1	633
721	1584	2	7	5	1	1	632
722	1583	2	7	5	2	1	631
723	1582	2	7	5	3	1	630
724	1581	2	7	5	4	1	629
725	1580	2	7	5	5	1	628
726	1579	2	7	5	6	1	627
727	1578	2	7	5	7	1	626
728	1577	2	7	5	8	1	625
729	1576	2	7	5	9	1	624
730	1575	2	7	5	10	1	623
731	1574	2	7	5	11	1	622
732	1573	2	7	5	12	1	621
733	1572	2	7	5	13	1	620
734	1571	2	7	5	14	1	619
735	1570	2	7	5	15	1	618
736	1569	2	7	6	0	1	617
737	1568	2	7	6	1	1	616
738	1567	2	7	6	2	1	615
739	1566	2	7	6	3	1	614
740	1565	2	7	6	4	1	613
741	1564	2	7	6	5	1	612
742	1563	2	7	6	6	1	611
743	1562	2	7	6	7	1	610
744	1561	2	7	6	8	1	609
745	1560	2	7	6	9	1	608
746	1559	2	7	6	10	1	607
747	1558	2	7	6	11	1	606
748	1557	2	7	6	12	1	605
749	1556	2	7	6	13	1	604
750	1555	2	7	6	14	1	603
751	1554	2	7	6	15	1	602
752	698	2	7	7	0	0	698
753	699	2	7	7	1	0	699
754	700	2	7	7	2	0	700
755	701	2	7	7	3	0	701
756	702	2	7	7	4	0	702
757	703	2	7	7	5	0	703
758	704	2	7	7	6	0	704
759	705	2	7	7	7	0	705
760	706	2	7	7	8	0	706
761	707	2	7	7	9	0	707
762	708	2	7	7	10	0	708
763	709	2	7	7	11	0	709
764	710	2	7	7	12	0	710
765	711	2	7	7	13	0	711
766	712	2	7	7	14	0	712
767	713	2	7	7	15	0	713
768	1794	3	4	0	0	1	842
769	1795	3	4	0	1	1	843
770	1796	3	4	0	2	1	844
771	1797	3	4	0	3	1	845
772	1798	3	4	0	4	1	846
773	1799	3	4	0	5	1	847
774	1800	3	4	0	6	1	848
775	1801	3	4	0	7	1	849
776	1802	3	4	0	8	1	850
777	1803	3	4	0	9	1	851
778	1804	3	4	0	10	1	852
779	1805	3	4	0	11	1	853
780	1806	3	4	0	12	1	854
781	1807	3	4	0	13	1	855
782	3071	3	4	0	14	2	1167
783	3069	3	4	0	15	2	1165
784	3068	3	4	1	0	2	1164
785	3070	3	4	1	1	2	1166
786	951	3	4	1	2	0	951
787	950	3	4	1	3	0	950
788	949	3	4	1	4	0	949
789	948	3	4	1	5	0	948
790	947	3	4	1	6	0	947
791	946	3	4	1	7	0	946
792	945	3	4	1	8	0	945
793	944	3	4	1	9	0	944
794	943	3	4	1	10	0	943
795	942	3	4	1	11	0	942
796	941	3	4	1	12	0	941
797	940	3	4	1	13	0	940
798	939	3	4	1	14	0	939
799	938	3	4	1	15	0	938
800	937	3	4	2	0	0	937
801	936	3	4	2	1	0	936
802	935	3	4	2	2	0	935
803	934	3	4	2	3	0	934
804	933	3	4	2	4	0	933
805	932	3	4	2	5	0	932
806	931	3	4	2	6	0	931
807	930	3	4	2	7	0	930
808	929	3	4	2	8	0	929
809	928	3	4	2	9	0	928
810	927	3	4	2	10	0	927
811	926	3	4	2	11	0	926
812	925	3	4	2	12	0	925
813	924	3	4	2	13	0	924
814	923	3	4	2	14	0	923
815	922	3	4	2	15	0	922
816	1778	3	4	3	0	1	826
817	1779	3	4	3	1	1	827
818	1780	3	4	3	2	1	828
819	1781	3	4	3	3	1	829
820	1782	3	4	3	4	1	830
821	1783	3	4	3	5	1	831
822	1784	3	4	3	6	1	832
823	1785	3	4	3	7	1	833
824	1786	3	4	3	8	1	834
825	1787	3	4	3	9	1	835
826	1788	3	4	3	10	1	836
827	1789	3	4	3	11	1	837
828	1790	3	4	3	12	1	838
829	1791	3	4	3	13	1	839
830	1792	3	4	3	14	1	840
831	1793	3	4	3	15	1	841
832	1762	3	4	4	0	1	810
833	1763	3	4	4	1	1	811
834	1764	3	4	4	2	1	812
835	1765	3	4	4	3	1	813
836	1766	3	4	4	4	1	814
837	1767	3	4	4	5	1	815
838	1768	3	4	4	6	1	816
839	1769	3	4	4	7	1	817
840	1770	3	4	4	8	1	818
841	1771	3	4	4	9	1	819
842	1772	3	4	4	10	1	820
843	1773	3	4	4	11	1	821
844	1774	3	4	4	12	1	822
845	1775	3	4	4	13	1	823
846	1776	3	4	4	14	1	824
847	1777	3	4	4	15	1	825
848	921	3	4	5	0	0	921
849	920	3	4	5	1	0	920
850	919	3	4	5	2	0	919
851	918	3	4	5	3	0	918
852	917	3	4	5	4	0	917
853	916	3	4	5	5	0	916
854	915	3	4	5	6	0	915
855	914	3	4	5	7	0	914
856	913	3	4	5	8	0	913
857	912	3	4	5	9	0	912
858	911	3	4	5	10	0	911
859	910	3	4	5	11	0	910
860	909	3	4	5	12	0	909
861	908	3	4	5	13	0	908
862	907	3	4	5	14	0	907
863	906	3	4	5	15	0	906
864	905	3	4	6	0	0	905
865	904	3	4	6	1	0	904
866	903	3	4	6	2	0	903
867	902	3	4	6	3	0	902
868	901	3	4	6	4	0	901
869	900	3	4	6	5	0	900
870	899	3	4	6	6	0	899
871	898	3	4	6	7	0	898
872	897	3	4	6	8	0	897
873	896	3	4	6	9	0	896
874	895	3	4	6	10	0	895
875	894	3	4	6	11	0	894
876	893	3	4	6	12	0	893
877	892	3	4	6	13	0	892
878	891	3	4	6	14	0	891
879	890	3	4	6	15	0	890
880	1746	3	4	7	0	1	794
881	1747	3	4	7	1	1	795
882	1748	3	4	7	2	1	796
883	1749	3	4	7	3	1	797
884	1750	3	4	7	4	1	798
885	1751	3	4	7	5	1	799
886	1752	3	4	7	6	1	800
887	1753	3	4	7	7	1	801
888	1754	3	4	7	8	1	802
889	1755	3	4	7	9	1	803
890	1756	3	4	7	10	1	804
891	1757	3	4	7	11	1	805
892	1758	3	4	7	12	1	806
893	1759	3	4	7	13	1	807
894	1760	3	4	7	14	1	808
895	1761	3	4	7	15	1	809
896	1832	3	3	0	0	1	880
897	2994	3	3	0	1	2	1090
898	1833	3	3	0	2	1	881
899	2991	3	3	0	3	2	1087
900	1834	3	3	0	4	1	882
901	2988	3	3	0	5	2	1084
902	1835	3	3	0	6	1	883
903	2985	3	3	0	7	2	1081
904	1836	3	3	0	8	1	884
905	2982	3	3	0	9	2	1078
906	1837	3	3	0	10	1	885
907	2979	3	3	0	11	2	1075
908	1838	3	3	0	12	1	886
909	2976	3	3	0	13	2	1072
910	1839	3	3	0	14	1	887
911	2973	3	3	0	15	2	1069
912	2972	3	3	1	0	2	1068
913	2974	3	3	1	1	2	1070
914	2975	3	3	1	2	2	1071
915	2977	3	3	1	3	2	1073
916	2978	3	3	1	4	2	1074
917	2980	3	3	1	5	2	1076
918	2981	3	3	1	6	2	1077
919	2983	3	3	1	7	2	1079
920	2984	3	3	1	8	2	1080
921	2986	3	3	1	9	2	1082
922	2987	3	3	1	10	2	1083
923	2989	3	3	1	11	2	1085
924	2990	3	3	1	12	2	1086
925	2992	3	3	1	13	2	1088
926	2993	3	3	1	14	2	1089
927	2995	3	3	1	15	2	1091
928	2996	3	3	2	0	2	1092
929	2998	3	3	2	1	2	1094
930	2999	3	3	2	2	2	1095
931	3001	3	3	2	3	2	1097
932	3002	3	3	2	4	2	1098
933	3004	3	3	2	5	2	1100
934	3005	3	3	2	6	2	1101
935	3007	3	3	2	7	2	1103
936	3008	3	3	2	8	2	1104
937	3010	3	3	2	9	2	1106
938	3011	3	3	2	10	2	1107
939	3013	3	3	2	11	2	1109
940	3014	3	3	2	12	2	1110
941	3016	3	3	2	13	2	1112
942	3017	3	3	2	14	2	1113
943	3019	3	3	2	15	2	1115
944	1824	3	3	3	0	1	872
945	3018	3	3	3	1	2	1114
946	1825	3	3	3	2	1	873
947	3015	3	3	3	3	2	1111
948	1826	3	3	3	4	1	874
949	3012	3	3	3	5	2	1108
950	1827	3	3	3	6	1	875
951	3009	3	3	3	7	2	1105
952	1828	3	3	3	8	1	876
953	3006	3	3	3	9	2	1102
954	1829	3	3	3	10	1	877
955	3003	3	3	3	11	2	1099
956	1830	3	3	3	12	1	878
957	3000	3	3	3	13	2	1096
958	1831	3	3	3	14	1	879
959	2997	3	3	3	15	2	1093
960	1816	3	3	4	0	1	864
961	3042	3	3	4	1	2	1138
962	1817	3	3	4	2	1	865
963	3039	3	3	4	3	2	1135
964	1818	3	3	4	4	1	866
965	3036	3	3	4	5	2	1132
966	1819	3	3	4	6	1	867
967	3033	3	3	4	7	2	1129
968	1820	3	3	4	8	1	868
969	3030	3	3	4	9	2	1126
970	1821	3	3	4	10	1	869
971	3027	3	3	4	11	2	1123
972	1822	3	3	4	12	1	870
973	3024	3	3	4	13	2	1120
974	1823	3	3	4	14	1	871
975	3021	3	3	4	15	2	1117
976	3020	3	3	5	0	2	1116
977	3022	3	3	5	1	2	1118
978	3023	3	3	5	2	2	1119
979	3025	3	3	5	3	2	1121
980	3026	3	3	5	4	2	1122
981	3028	3	3	5	5	2	1124
982	3029	3	3	5	6	2	1125
983	3031	3	3	5	7	2	1127
984	3032	3	3	5	8	2	1128
985	3034	3	3	5	9	2	1130
986	3035	3	3	5	10	2	1131
987	3037	3	3	5	11	2	1133
988	3038	3	3	5	12	2	1134
989	3040	3	3	5	13	2	1136
990	3041	3	3	5	14	2	1137
991	3043	3	3	5	15	2	1139
992	3044	3	3	6	0	2	1140
993	3046	3	3	6	1	2	1142
994	3047	3	3	6	2	2	1143
995	3049	3	3	6	3	2	1145
996	3050	3	3	6	4	2	1146
997	3052	3	3	6	5	2	1148
998	3053	3	3	6	6	2	1149
999	3055	3	3	6	7	2	1151
1000	3056	3	3	6	8	2	1152
1001	3058	3	3	6	9	2	1154
1002	3059	3	3	6	10	2	1155
1003	3061	3	3	6	11	2	1157
1004	3062	3	3	6	12	2	1158
1005	3064	3	3	6	13	2	1160
1006	3065	3	3	6	14	2	1161
1007	3067	3	3	6	15	2	1163
1008	1808	3	3	7	0	1	856
1009	3066	3	3	7	1	2	1162
1010	1809	3	3	7	2	1	857
1011	3063	3	3	7	3	2	1159
1012	1810	3	3	7	4	1	858
1013	3060	3	3	7	5	2	1156
1014	1811	3	3	7	6	1	859
1015	3057	3	3	7	7	2	1153
1016	1812	3	3	7	8	1	860
1017	3054	3	3	7	9	2	1150
1018	1813	3	3	7	10	1	861
1019	3051	3	3	7	11	2	1147
1020	1814	3	3	7	12	1	862
1021	3048	3	3	7	13	2	1144
1022	1815	3	3	7	14	1	863
1023	3045	3	3	7	15	2	1141
1024	991	4	14	0	0	1	39
1025	2077	4	14	0	1	2	173
1026	990	4	14	0	2	1	38
1027	2080	4	14	0	3	2	176
1028	989	4	14	0	4	1	37
1029	2083	4	14	0	5	2	179
1030	988	4	14	0	6	1	36
1031	2086	4	14	0	7	2	182
1032	987	4	14	0	8	1	35
1033	2089	4	14	0	9	2	185
1034	986	4	14	0	10	1	34
1035	2092	4	14	0	11	2	188
1036	985	4	14	0	12	1	33
1037	2095	4	14	0	13	2	191
1038	984	4	14	0	14	1	32
1039	2098	4	14	0	15	2	194
1040	2099	4	14	1	0	2	195
1041	2097	4	14	1	1	2	193
1042	2096	4	14	1	2	2	192
1043	2094	4	14	1	3	2	190
1044	2093	4	14	1	4	2	189
1045	2091	4	14	1	5	2	187
1046	2090	4	14	1	6	2	186
1047	2088	4	14	1	7	2	184
1048	2087	4	14	1	8	2	183
1049	2085	4	14	1	9	2	181
1050	2084	4	14	1	10	2	180
1051	2082	4	14	1	11	2	178
1052	2081	4	14	1	12	2	177
1053	2079	4	14	1	13	2	175
1054	2078	4	14	1	14	2	174
1055	2076	4	14	1	15	2	172
1056	2075	4	14	2	0	2	171
1057	2073	4	14	2	1	2	169
1058	2072	4	14	2	2	2	168
1059	2070	4	14	2	3	2	166
1060	2069	4	14	2	4	2	165
1061	2067	4	14	2	5	2	163
1062	2066	4	14	2	6	2	162
1063	2064	4	14	2	7	2	160
1064	2063	4	14	2	8	2	159
1065	2061	4	14	2	9	2	157
1066	2060	4	14	2	10	2	156
1067	2058	4	14	2	11	2	154
1068	2057	4	14	2	12	2	153
1069	2055	4	14	2	13	2	151
1070	2054	4	14	2	14	2	150
1071	2052	4	14	2	15	2	148
1072	999	4	14	3	0	1	47
1073	2053	4	14	3	1	2	149
1074	998	4	14	3	2	1	46
1075	2056	4	14	3	3	2	152
1076	997	4	14	3	4	1	45
1077	2059	4	14	3	5	2	155
1078	996	4	14	3	6	1	44
1079	2062	4	14	3	7	2	158
1080	995	4	14	3	8	1	43
1081	2065	4	14	3	9	2	161
1082	994	4	14	3	10	1	42
1083	2068	4	14	3	11	2	164
1084	993	4	14	3	12	1	41
1085	2071	4	14	3	13	2	167
1086	992	4	14	3	14	1	40
1087	2074	4	14	3	15	2	170
1088	1007	4	14	4	0	1	55
1089	2029	4	14	4	1	2	125
1090	1006	4	14	4	2	1	54
1091	2032	4	14	4	3	2	128
1092	1005	4	14	4	4	1	53
1093	2035	4	14	4	5	2	131
1094	1004	4	14	4	6	1	52
1095	2038	4	14	4	7	2	134
1096	1003	4	14	4	8	1	51
1097	2041	4	14	4	9	2	137
1098	1002	4	14	4	10	1	50
1099	2044	4	14	4	11	2	140
1100	1001	4	14	4	12	1	49
1101	2047	4	14	4	13	2	143
1102	1000	4	14	4	14	1	48
1103	2050	4	14	4	15	2	146
1104	2051	4	14	5	0	2	147
1105	2049	4	14	5	1	2	145
1106	2048	4	14	5	2	2	144
1107	2046	4	14	5	3	2	142
1108	2045	4	14	5	4	2	141
1109	2043	4	14	5	5	2	139
1110	2042	4	14	5	6	2	138
1111	2040	4	14	5	7	2	136
1112	2039	4	14	5	8	2	135
1113	2037	4	14	5	9	2	133
1114	2036	4	14	5	10	2	132
1115	2034	4	14	5	11	2	130
1116	2033	4	14	5	12	2	129
1117	2031	4	14	5	13	2	127
1118	2030	4	14	5	14	2	126
1119	2028	4	14	5	15	2	124
1120	2027	4	14	6	0	2	123
1121	2025	4	14	6	1	2	121
1122	2024	4	14	6	2	2	120
1123	2022	4	14	6	3	2	118
1124	2021	4	14	6	4	2	117
1125	2019	4	14	6	5	2	115
1126	2018	4	14	6	6	2	114
1127	2016	4	14	6	7	2	112
1128	2015	4	14	6	8	2	111
1129	2013	4	14	6	9	2	109
1130	2012	4	14	6	10	2	108
1131	2010	4	14	6	11	2	106
1132	2009	4	14	6	12	2	105
1133	2007	4	14	6	13	2	103
1134	2006	4	14	6	14	2	102
1135	2004	4	14	6	15	2	100
1136	1015	4	14	7	0	1	63
1137	2005	4	14	7	1	2	101
1138	1014	4	14	7	2	1	62
1139	2008	4	14	7	3	2	104
1140	1013	4	14	7	4	1	61
1141	2011	4	14	7	5	2	107
1142	1012	4	14	7	6	1	60
1143	2014	4	14	7	7	2	110
1144	1011	4	14	7	8	1	59
1145	2017	4	14	7	9	2	113
1146	1010	4	14	7	10	1	58
1147	2020	4	14	7	11	2	116
1148	1009	4	14	7	12	1	57
1149	2023	4	14	7	13	2	119
1150	1008	4	14	7	14	1	56
1151	2026	4	14	7	15	2	122
1152	959	4	13	0	0	1	7
1153	2173	4	13	0	1	2	269
1154	958	4	13	0	2	1	6
1155	2176	4	13	0	3	2	272
1156	957	4	13	0	4	1	5
1157	2179	4	13	0	5	2	275
1158	956	4	13	0	6	1	4
1159	2182	4	13	0	7	2	278
1160	955	4	13	0	8	1	3
1161	2185	4	13	0	9	2	281
1162	954	4	13	0	10	1	2
1163	2188	4	13	0	11	2	284
1164	953	4	13	0	12	1	1
1165	2191	4	13	0	13	2	287
1166	952	4	13	0	14	1	0
1167	2194	4	13	0	15	2	290
1168	2195	4	13	1	0	2	291
1169	2193	4	13	1	1	2	289
1170	2192	4	13	1	2	2	288
1171	2190	4	13	1	3	2	286
1172	2189	4	13	1	4	2	285
1173	2187	4	13	1	5	2	283
1174	2186	4	13	1	6	2	282
1175	2184	4	13	1	7	2	280
1176	2183	4	13	1	8	2	279
1177	2181	4	13	1	9	2	277
1178	2180	4	13	1	10	2	276
1179	2178	4	13	1	11	2	274
1180	2177	4	13	1	12	2	273
1181	2175	4	13	1	13	2	271
1182	2174	4	13	1	14	2	270
1183	2172	4	13	1	15	2	268
1184	2171	4	13	2	0	2	267
1185	2169	4	13	2	1	2	265
1186	2168	4	13	2	2	2	264
1187	2166	4	13	2	3	2	262
1188	2165	4	13	2	4	2	261
1189	2163	4	13	2	5	2	259
1190	2162	4	13	2	6	2	258
1191	2160	4	13	2	7	2	256
1192	2159	4	13	2	8	2	255
1193	2157	4	13	2	9	2	253
1194	2156	4	13	2	10	2	252
1195	2154	4	13	2	11	2	250
1196	2153	4	13	2	12	2	249
1197	2151	4	13	2	13	2	247
1198	2150	4	13	2	14	2	246
1199	2148	4	13	2	15	2	244
1200	967	4	13	3	0	1	15
1201	2149	4	13	3	1	2	245
1202	966	4	13	3	2	1	14
1203	2152	4	13	3	3	2	248
1204	965	4	13	3	4	1	13
1205	2155	4	13	3	5	2	251
1206	964	4	13	3	6	1	12
1207	2158	4	13	3	7	2	254
1208	963	4	13	3	8	1	11
1209	2161	4	13	3	9	2	257
1210	962	4	13	3	10	1	10
1211	2164	4	13	3	11	2	260
1212	961	4	13	3	12	1	9
1213	2167	4	13	3	13	2	263
1214	960	4	13	3	14	1	8
1215	2170	4	13	3	15	2	266
1216	975	4	13	4	0	1	23
1217	2125	4	13	4	1	2	221
1218	974	4	13	4	2	1	22
1219	2128	4	13	4	3	2	224
1220	973	4	13	4	4	1	21
1221	2131	4	13	4	5	2	227
1222	972	4	13	4	6	1	20
1223	2134	4	13	4	7	2	230
1224	971	4	13	4	8	1	19
1225	2137	4	13	4	9	2	233
1226	970	4	13	4	10	1	18
1227	2140	4	13	4	11	2	236
1228	969	4	13	4	12	1	17
1229	2143	4	13	4	13	2	239
1230	968	4	13	4	14	1	16
1231	2146	4	13	4	15	2	242
1232	2147	4	13	5	0	2	243
1233	2145	4	13	5	1	2	241
1234	2144	4	13	5	2	2	240
1235	2142	4	13	5	3	2	238
1236	2141	4	13	5	4	2	237
1237	2139	4	13	5	5	2	235
1238	2138	4	13	5	6	2	234
1239	2136	4	13	5	7	2	232
1240	2135	4	13	5	8	2	231
1241	2133	4	13	5	9	2	229
1242	2132	4	13	5	10	2	228
1243	2130	4	13	5	11	2	226
1244	2129	4	13	5	12	2	225
1245	2127	4	13	5	13	2	223
1246	2126	4	13	5	14	2	222
1247	2124	4	13	5	15	2	220
1248	2123	4	13	6	0	2	219
1249	2121	4	13	6	1	2	217
1250	2120	4	13	6	2	2	216
1251	2118	4	13	6	3	2	214
1252	2117	4	13	6	4	2	213
1253	2115	4	13	6	5	2	211
1254	2114	4	13	6	6	2	210
1255	2112	4	13	6	7	2	208
1256	2111	4	13	6	8	2	207
1257	2109	4	13	6	9	2	205
1258	2108	4	13	6	10	2	204
1259	2106	4	13	6	11	2	202
1260	2105	4	13	6	12	2	201
1261	2103	4	13	6	13	2	199
1262	2102	4	13	6	14	2	198
1263	2100	4	13	6	15	2	196
1264	983	4	13	7	0	1	31
1265	2101	4	13	7	1	2	197
1266	982	4	13	7	2	1	30
1267	2104	4	13	7	3	2	200
1268	981	4	13	7	4	1	29
1269	2107	4	13	7	5	2	203
1270	980	4	13	7	6	1	28
1271	2110	4	13	7	7	2	206
1272	979	4	13	7	8	1	27
1273	2113	4	13	7	9	2	209
1274	978	4	13	7	10	1	26
1275	2116	4	13	7	11	2	212
1276	977	4	13	7	12	1	25
1277	2119	4	13	7	13	2	215
1278	976	4	13	7	14	1	24
1279	2122	4	13	7	15	2	218
1280	564	5	10	0	0	0	564
1281	2753	5	10	0	1	2	849
1282	565	5	10	0	2	0	565
1283	2756	5	10	0	3	2	852
1284	566	5	10	0	4	0	566
1285	2759	5	10	0	5	2	855
1286	567	5	10	0	6	0	567
1287	2762	5	10	0	7	2	858
1288	568	5	10	0	8	0	568
1289	2765	5	10	0	9	2	861
1290	569	5	10	0	10	0	569
1291	2768	5	10	0	11	2	864
1292	570	5	10	0	12	0	570
1293	2771	5	10	0	13	2	867
1294	571	5	10	0	14	0	571
1295	2774	5	10	0	15	2	870
1296	2775	5	10	1	0	2	871
1297	2773	5	10	1	1	2	869
1298	2772	5	10	1	2	2	868
1299	2770	5	10	1	3	2	866
1300	2769	5	10	1	4	2	865
1301	2767	5	10	1	5	2	863
1302	2766	5	10	1	6	2	862
1303	2764	5	10	1	7	2	860
1304	2763	5	10	1	8	2	859
1305	2761	5	10	1	9	2	857
1306	2760	5	10	1	10	2	856
1307	2758	5	10	1	11	2	854
1308	2757	5	10	1	12	2	853
1309	2755	5	10	1	13	2	851
1310	2754	5	10	1	14	2	850
1311	2752	5	10	1	15	2	848
1312	2751	5	10	2	0	2	847
1313	2749	5	10	2	1	2	845
1314	2748	5	10	2	2	2	844
1315	2746	5	10	2	3	2	842
1316	2745	5	10	2	4	2	841
1317	2743	5	10	2	5	2	839
1318	2742	5	10	2	6	2	838
1319	2740	5	10	2	7	2	836
1320	2739	5	10	2	8	2	835
1321	2737	5	10	2	9	2	833
1322	2736	5	10	2	10	2	832
1323	2734	5	10	2	11	2	830
1324	2733	5	10	2	12	2	829
1325	2731	5	10	2	13	2	827
1326	2730	5	10	2	14	2	826
1327	2728	5	10	2	15	2	824
1328	556	5	10	3	0	0	556
1329	2729	5	10	3	1	2	825
1330	557	5	10	3	2	0	557
1331	2732	5	10	3	3	2	828
1332	558	5	10	3	4	0	558
1333	2735	5	10	3	5	2	831
1334	559	5	10	3	6	0	559
1335	2738	5	10	3	7	2	834
1336	560	5	10	3	8	0	560
1337	2741	5	10	3	9	2	837
1338	561	5	10	3	10	0	561
1339	2744	5	10	3	11	2	840
1340	562	5	10	3	12	0	562
1341	2747	5	10	3	13	2	843
1342	563	5	10	3	14	0	563
1343	2750	5	10	3	15	2	846
1344	548	5	10	4	0	0	548
1345	2705	5	10	4	1	2	801
1346	549	5	10	4	2	0	549
1347	2708	5	10	4	3	2	804
1348	550	5	10	4	4	0	550
1349	2711	5	10	4	5	2	807
1350	551	5	10	4	6	0	551
1351	2714	5	10	4	7	2	810
1352	552	5	10	4	8	0	552
1353	2717	5	10	4	9	2	813
1354	553	5	10	4	10	0	553
1355	2720	5	10	4	11	2	816
1356	554	5	10	4	12	0	554
1357	2723	5	10	4	13	2	819
1358	555	5	10	4	14	0	555
1359	2726	5	10	4	15	2	822
1360	2727	5	10	5	0	2	823
1361	2725	5	10	5	1	2	821
1362	2724	5	10	5	2	2	820
1363	2722	5	10	5	3	2	818
1364	2721	5	10	5	4	2	817
1365	2719	5	10	5	5	2	815
1366	2718	5	10	5	6	2	814
1367	2716	5	10	5	7	2	812
1368	2715	5	10	5	8	2	811
1369	2713	5	10	5	9	2	809
1370	2712	5	10	5	10	2	808
1371	2710	5	10	5	11	2	806
1372	2709	5	10	5	12	2	805
1373	2707	5	10	5	13	2	803
1374	2706	5	10	5	14	2	802
1375	2704	5	10	5	15	2	800
1376	2703	5	10	6	0	2	799
1377	2701	5	10	6	1	2	797
1378	2700	5	10	6	2	2	796
1379	2698	5	10	6	3	2	794
1380	2697	5	10	6	4	2	793
1381	2695	5	10	6	5	2	791
1382	2694	5	10	6	6	2	790
1383	2692	5	10	6	7	2	788
1384	2691	5	10	6	8	2	787
1385	2689	5	10	6	9	2	785
1386	2688	5	10	6	10	2	784
1387	2686	5	10	6	11	2	782
1388	2685	5	10	6	12	2	781
1389	2683	5	10	6	13	2	779
1390	2682	5	10	6	14	2	778
1391	2680	5	10	6	15	2	776
1392	540	5	10	7	0	0	540
1393	2681	5	10	7	1	2	777
1394	541	5	10	7	2	0	541
1395	2684	5	10	7	3	2	780
1396	542	5	10	7	4	0	542
1397	2687	5	10	7	5	2	783
1398	543	5	10	7	6	0	543
1399	2690	5	10	7	7	2	786
1400	544	5	10	7	8	0	544
1401	2693	5	10	7	9	2	789
1402	545	5	10	7	10	0	545
1403	2696	5	10	7	11	2	792
1404	546	5	10	7	12	0	546
1405	2699	5	10	7	13	2	795
1406	547	5	10	7	14	0	547
1407	2702	5	10	7	15	2	798
1408	618	5	9	0	0	0	618
1409	619	5	9	0	1	0	619
1410	1477	5	9	0	2	1	525
1411	621	5	9	0	3	0	621
1412	1479	5	9	0	4	1	527
1413	623	5	9	0	5	0	623
1414	1481	5	9	0	6	1	529
1415	625	5	9	0	7	0	625
1416	1483	5	9	0	8	1	531
1417	627	5	9	0	9	0	627
1418	1485	5	9	0	10	1	533
1419	629	5	9	0	11	0	629
1420	1487	5	9	0	12	1	535
1421	631	5	9	0	13	0	631
1422	632	5	9	0	14	0	632
1423	633	5	9	0	15	0	633
1424	1489	5	9	1	0	1	537
1425	1488	5	9	1	1	1	536
1426	630	5	9	1	2	0	630
1427	1486	5	9	1	3	1	534
1428	628	5	9	1	4	0	628
1429	1484	5	9	1	5	1	532
1430	626	5	9	1	6	0	626
1431	1482	5	9	1	7	1	530
1432	624	5	9	1	8	0	624
1433	1480	5	9	1	9	1	528
1434	622	5	9	1	10	0	622
1435	1478	5	9	1	11	1	526
1436	620	5	9	1	12	0	620
1437	1476	5	9	1	13	1	524
1438	1475	5	9	1	14	1	523
1439	1474	5	9	1	15	1	522
1440	616	5	9	2	0	0	616
1441	1472	5	9	2	1	1	520
1442	614	5	9	2	2	0	614
1443	1470	5	9	2	3	1	518
1444	612	5	9	2	4	0	612
1445	1468	5	9	2	5	1	516
1446	610	5	9	2	6	0	610
1447	1466	5	9	2	7	1	514
1448	608	5	9	2	8	0	608
1449	1464	5	9	2	9	1	512
1450	606	5	9	2	10	0	606
1451	1462	5	9	2	11	1	510
1452	604	5	9	2	12	0	604
1453	1460	5	9	2	13	1	508
1454	602	5	9	2	14	0	602
1455	1458	5	9	2	15	1	506
1456	1459	5	9	3	0	1	507
1457	603	5	9	3	1	0	603
1458	1461	5	9	3	2	1	509
1459	605	5	9	3	3	0	605
1460	1463	5	9	3	4	1	511
1461	607	5	9	3	5	0	607
1462	1465	5	9	3	6	1	513
1463	609	5	9	3	7	0	609
1464	1467	5	9	3	8	1	515
1465	611	5	9	3	9	0	611
1466	1469	5	9	3	10	1	517
1467	613	5	9	3	11	0	613
1468	1471	5	9	3	12	1	519
1469	615	5	9	3	13	0	615
1470	1473	5	9	3	14	1	521
1471	617	5	9	3	15	0	617
1472	1443	5	9	4	0	1	491
1473	587	5	9	4	1	0	587
1474	1445	5	9	4	2	1	493
1475	589	5	9	4	3	0	589
1476	1447	5	9	4	4	1	495
1477	591	5	9	4	5	0	591
1478	1449	5	9	4	6	1	497
1479	593	5	9	4	7	0	593
1480	1451	5	9	4	8	1	499
1481	595	5	9	4	9	0	595
1482	1453	5	9	4	10	1	501
1483	597	5	9	4	11	0	597
1484	1455	5	9	4	12	1	503
1485	599	5	9	4	13	0	599
1486	1457	5	9	4	14	1	505
1487	601	5	9	4	15	0	601
1488	600	5	9	5	0	0	600
1489	1456	5	9	5	1	1	504
1490	598	5	9	5	2	0	598
1491	1454	5	9	5	3	1	502
1492	596	5	9	5	4	0	596
1493	1452	5	9	5	5	1	500
1494	594	5	9	5	6	0	594
1495	1450	5	9	5	7	1	498
1496	592	5	9	5	8	0	592
1497	1448	5	9	5	9	1	496
1498	590	5	9	5	10	0	590
1499	1446	5	9	5	11	1	494
1500	588	5	9	5	12	0	588
1501	1444	5	9	5	13	1	492
1502	586	5	9	5	14	0	586
1503	1442	5	9	5	15	1	490
1504	584	5	9	6	0	0	584
1505	1440	5	9	6	1	1	488
1506	582	5	9	6	2	0	582
1507	1438	5	9	6	3	1	486
1508	580	5	9	6	4	0	580
1509	1436	5	9	6	5	1	484
1510	578	5	9	6	6	0	578
1511	1434	5	9	6	7	1	482
1512	576	5	9	6	8	0	576
1513	1432	5	9	6	9	1	480
1514	574	5	9	6	10	0	574
1515	1430	5	9	6	11	1	478
1516	572	5	9	6	12	0	572
1517	1428	5	9	6	13	1	476
1518	2779	5	9	6	14	2	875
1519	2777	5	9	6	15	2	873
1520	2776	5	9	7	0	2	872
1521	2778	5	9	7	1	2	874
1522	1429	5	9	7	2	1	477
1523	573	5	9	7	3	0	573
1524	1431	5	9	7	4	1	479
1525	575	5	9	7	5	0	575
1526	1433	5	9	7	6	1	481
1527	577	5	9	7	7	0	577
1528	1435	5	9	7	8	1	483
1529	579	5	9	7	9	0	579
1530	1437	5	9	7	10	1	485
1531	581	5	9	7	11	0	581
1532	1439	5	9	7	12	1	487
1533	583	5	9	7	13	0	583
1534	1441	5	9	7	14	1	489
1535	585	5	9	7	15	0	585
1536	500	6	12	0	0	0	500
1537	2561	6	12	0	1	2	657
1538	501	6	12	0	2	0	501
1539	2564	6	12	0	3	2	660
1540	502	6	12	0	4	0	502
1541	2567	6	12	0	5	2	663
1542	503	6	12	0	6	0	503
1543	2570	6	12	0	7	2	666
1544	504	6	12	0	8	0	504
1545	2573	6	12	0	9	2	669
1546	505	6	12	0	10	0	505
1547	2576	6	12	0	11	2	672
1548	506	6	12	0	12	0	506
1549	2579	6	12	0	13	2	675
1550	507	6	12	0	14	0	507
1551	2582	6	12	0	15	2	678
1552	2583	6	12	1	0	2	679
1553	2581	6	12	1	1	2	677
1554	2580	6	12	1	2	2	676
1555	2578	6	12	1	3	2	674
1556	2577	6	12	1	4	2	673
1557	2575	6	12	1	5	2	671
1558	2574	6	12	1	6	2	670
1559	2572	6	12	1	7	2	668
1560	2571	6	12	1	8	2	667
1561	2569	6	12	1	9	2	665
1562	2568	6	12	1	10	2	664
1563	2566	6	12	1	11	2	662
1564	2565	6	12	1	12	2	661
1565	2563	6	12	1	13	2	659
1566	2562	6	12	1	14	2	658
1567	2560	6	12	1	15	2	656
1568	2559	6	12	2	0	2	655
1569	2557	6	12	2	1	2	653
1570	2556	6	12	2	2	2	652
1571	2554	6	12	2	3	2	650
1572	2553	6	12	2	4	2	649
1573	2551	6	12	2	5	2	647
1574	2550	6	12	2	6	2	646
1575	2548	6	12	2	7	2	644
1576	2547	6	12	2	8	2	643
1577	2545	6	12	2	9	2	641
1578	2544	6	12	2	10	2	640
1579	2542	6	12	2	11	2	638
1580	2541	6	12	2	12	2	637
1581	2539	6	12	2	13	2	635
1582	2538	6	12	2	14	2	634
1583	2536	6	12	2	15	2	632
1584	492	6	12	3	0	0	492
1585	2537	6	12	3	1	2	633
1586	493	6	12	3	2	0	493
1587	2540	6	12	3	3	2	636
1588	494	6	12	3	4	0	494
1589	2543	6	12	3	5	2	639
1590	495	6	12	3	6	0	495
1591	2546	6	12	3	7	2	642
1592	496	6	12	3	8	0	496
1593	2549	6	12	3	9	2	645
1594	497	6	12	3	10	0	497
1595	2552	6	12	3	11	2	648
1596	498	6	12	3	12	0	498
1597	2555	6	12	3	13	2	651
1598	499	6	12	3	14	0	499
1599	2558	6	12	3	15	2	654
1600	484	6	12	4	0	0	484
1601	2513	6	12	4	1	2	609
1602	485	6	12	4	2	0	485
1603	2516	6	12	4	3	2	612
1604	486	6	12	4	4	0	486
1605	2519	6	12	4	5	2	615
1606	487	6	12	4	6	0	487
1607	2522	6	12	4	7	2	618
1608	488	6	12	4	8	0	488
1609	2525	6	12	4	9	2	621
1610	489	6	12	4	10	0	489
1611	2528	6	12	4	11	2	624
1612	490	6	12	4	12	0	490
1613	2531	6	12	4	13	2	627
1614	491	6	12	4	14	0	491
1615	2534	6	12	4	15	2	630
1616	2535	6	12	5	0	2	631
1617	2533	6	12	5	1	2	629
1618	2532	6	12	5	2	2	628
1619	2530	6	12	5	3	2	626
1620	2529	6	12	5	4	2	625
1621	2527	6	12	5	5	2	623
1622	2526	6	12	5	6	2	622
1623	2524	6	12	5	7	2	620
1624	2523	6	12	5	8	2	619
1625	2521	6	12	5	9	2	617
1626	2520	6	12	5	10	2	616
1627	2518	6	12	5	11	2	614
1628	2517	6	12	5	12	2	613
1629	2515	6	12	5	13	2	611
1630	2514	6	12	5	14	2	610
1631	2512	6	12	5	15	2	608
1632	2511	6	12	6	0	2	607
1633	2509	6	12	6	1	2	605
1634	2508	6	12	6	2	2	604
1635	2506	6	12	6	3	2	602
1636	2505	6	12	6	4	2	601
1637	2503	6	12	6	5	2	599
1638	2502	6	12	6	6	2	598
1639	2500	6	12	6	7	2	596
1640	2499	6	12	6	8	2	595
1641	2497	6	12	6	9	2	593
1642	2496	6	12	6	10	2	592
1643	2494	6	12	6	11	2	590
1644	2493	6	12	6	12	2	589
1645	2491	6	12	6	13	2	587
1646	2490	6	12	6	14	2	586
1647	2488	6	12	6	15	2	584
1648	476	6	12	7	0	0	476
1649	2489	6	12	7	1	2	585
1650	477	6	12	7	2	0	477
1651	2492	6	12	7	3	2	588
1652	478	6	12	7	4	0	478
1653	2495	6	12	7	5	2	591
1654	479	6	12	7	6	0	479
1655	2498	6	12	7	7	2	594
1656	480	6	12	7	8	0	480
1657	2501	6	12	7	9	2	597
1658	481	6	12	7	10	0	481
1659	2504	6	12	7	11	2	600
1660	482	6	12	7	12	0	482
1661	2507	6	12	7	13	2	603
1662	483	6	12	7	14	0	483
1663	2510	6	12	7	15	2	606
1664	532	6	11	0	0	0	532
1665	2657	6	11	0	1	2	753
1666	533	6	11	0	2	0	533
1667	2660	6	11	0	3	2	756
1668	534	6	11	0	4	0	534
1669	2663	6	11	0	5	2	759
1670	535	6	11	0	6	0	535
1671	2666	6	11	0	7	2	762
1672	536	6	11	0	8	0	536
1673	2669	6	11	0	9	2	765
1674	537	6	11	0	10	0	537
1675	2672	6	11	0	11	2	768
1676	538	6	11	0	12	0	538
1677	2675	6	11	0	13	2	771
1678	539	6	11	0	14	0	539
1679	2678	6	11	0	15	2	774
1680	2679	6	11	1	0	2	775
1681	2677	6	11	1	1	2	773
1682	2676	6	11	1	2	2	772
1683	2674	6	11	1	3	2	770
1684	2673	6	11	1	4	2	769
1685	2671	6	11	1	5	2	767
1686	2670	6	11	1	6	2	766
1687	2668	6	11	1	7	2	764
1688	2667	6	11	1	8	2	763
1689	2665	6	11	1	9	2	761
1690	2664	6	11	1	10	2	760
1691	2662	6	11	1	11	2	758
1692	2661	6	11	1	12	2	757
1693	2659	6	11	1	13	2	755
1694	2658	6	11	1	14	2	754
1695	2656	6	11	1	15	2	752
1696	2655	6	11	2	0	2	751
1697	2653	6	11	2	1	2	749
1698	2652	6	11	2	2	2	748
1699	2650	6	11	2	3	2	746
1700	2649	6	11	2	4	2	745
1701	2647	6	11	2	5	2	743
1702	2646	6	11	2	6	2	742
1703	2644	6	11	2	7	2	740
1704	2643	6	11	2	8	2	739
1705	2641	6	11	2	9	2	737
1706	2640	6	11	2	10	2	736
1707	2638	6	11	2	11	2	734
1708	2637	6	11	2	12	2	733
1709	2635	6	11	2	13	2	731
1710	2634	6	11	2	14	2	730
1711	2632	6	11	2	15	2	728
1712	524	6	11	3	0	0	524
1713	2633	6	11	3	1	2	729
1714	525	6	11	3	2	0	525
1715	2636	6	11	3	3	2	732
1716	526	6	11	3	4	0	526
1717	2639	6	11	3	5	2	735
1718	527	6	11	3	6	0	527
1719	2642	6	11	3	7	2	738
1720	528	6	11	3	8	0	528
1721	2645	6	11	3	9	2	741
1722	529	6	11	3	10	0	529
1723	2648	6	11	3	11	2	744
1724	530	6	11	3	12	0	530
1725	2651	6	11	3	13	2	747
1726	531	6	11	3	14	0	531
1727	2654	6	11	3	15	2	750
1728	516	6	11	4	0	0	516
1729	2609	6	11	4	1	2	705
1730	517	6	11	4	2	0	517
1731	2612	6	11	4	3	2	708
1732	518	6	11	4	4	0	518
1733	2615	6	11	4	5	2	711
1734	519	6	11	4	6	0	519
1735	2618	6	11	4	7	2	714
1736	520	6	11	4	8	0	520
1737	2621	6	11	4	9	2	717
1738	521	6	11	4	10	0	521
1739	2624	6	11	4	11	2	720
1740	522	6	11	4	12	0	522
1741	2627	6	11	4	13	2	723
1742	523	6	11	4	14	0	523
1743	2630	6	11	4	15	2	726
1744	2631	6	11	5	0	2	727
1745	2629	6	11	5	1	2	725
1746	2628	6	11	5	2	2	724
1747	2626	6	11	5	3	2	722
1748	2625	6	11	5	4	2	721
1749	2623	6	11	5	5	2	719
1750	2622	6	11	5	6	2	718
1751	2620	6	11	5	7	2	716
1752	2619	6	11	5	8	2	715
1753	2617	6	11	5	9	2	713
1754	2616	6	11	5	10	2	712
1755	2614	6	11	5	11	2	710
1756	2613	6	11	5	12	2	709
1757	2611	6	11	5	13	2	707
1758	2610	6	11	5	14	2	706
1759	2608	6	11	5	15	2	704
1760	2607	6	11	6	0	2	703
1761	2605	6	11	6	1	2	701
1762	2604	6	11	6	2	2	700
1763	2602	6	11	6	3	2	698
1764	2601	6	11	6	4	2	697
1765	2599	6	11	6	5	2	695
1766	2598	6	11	6	6	2	694
1767	2596	6	11	6	7	2	692
1768	2595	6	11	6	8	2	691
1769	2593	6	11	6	9	2	689
1770	2592	6	11	6	10	2	688
1771	2590	6	11	6	11	2	686
1772	2589	6	11	6	12	2	685
1773	2587	6	11	6	13	2	683
1774	2586	6	11	6	14	2	682
1775	2584	6	11	6	15	2	680
1776	508	6	11	7	0	0	508
1777	2585	6	11	7	1	2	681
1778	509	6	11	7	2	0	509
1779	2588	6	11	7	3	2	684
1780	510	6	11	7	4	0	510
1781	2591	6	11	7	5	2	687
1782	511	6	11	7	6	0	511
1783	2594	6	11	7	7	2	690
1784	512	6	11	7	8	0	512
1785	2597	6	11	7	9	2	693
1786	513	6	11	7	10	0	513
1787	2600	6	11	7	11	2	696
1788	514	6	11	7	12	0	514
1789	2603	6	11	7	13	2	699
1790	515	6	11	7	14	0	515
1791	2606	6	11	7	15	2	702
1792	1061	7	16	0	0	1	109
1793	1060	7	16	0	1	1	108
1794	1059	7	16	0	2	1	107
1795	1058	7	16	0	3	1	106
1796	1057	7	16	0	4	1	105
1797	1056	7	16	0	5	1	104
1798	1055	7	16	0	6	1	103
1799	1054	7	16	0	7	1	102
1800	1053	7	16	0	8	1	101
1801	1052	7	16	0	9	1	100
1802	1051	7	16	0	10	1	99
1803	1050	7	16	0	11	1	98
1804	1049	7	16	0	12	1	97
1805	1048	7	16	0	13	1	96
1806	1904	7	16	0	14	2	0
1807	1906	7	16	0	15	2	2
1808	1907	7	16	1	0	2	3
1809	1905	7	16	1	1	2	1
1810	0	7	16	1	2	0	0
1811	1	7	16	1	3	0	1
1812	2	7	16	1	4	0	2
1813	3	7	16	1	5	0	3
1814	4	7	16	1	6	0	4
1815	5	7	16	1	7	0	5
1816	6	7	16	1	8	0	6
1817	7	7	16	1	9	0	7
1818	8	7	16	1	10	0	8
1819	9	7	16	1	11	0	9
1820	10	7	16	1	12	0	10
1821	11	7	16	1	13	0	11
1822	12	7	16	1	14	0	12
1823	13	7	16	1	15	0	13
1824	14	7	16	2	0	0	14
1825	15	7	16	2	1	0	15
1826	16	7	16	2	2	0	16
1827	17	7	16	2	3	0	17
1828	18	7	16	2	4	0	18
1829	19	7	16	2	5	0	19
1830	20	7	16	2	6	0	20
1831	21	7	16	2	7	0	21
1832	22	7	16	2	8	0	22
1833	23	7	16	2	9	0	23
1834	24	7	16	2	10	0	24
1835	25	7	16	2	11	0	25
1836	26	7	16	2	12	0	26
1837	27	7	16	2	13	0	27
1838	28	7	16	2	14	0	28
1839	29	7	16	2	15	0	29
1840	1077	7	16	3	0	1	125
1841	1076	7	16	3	1	1	124
1842	1075	7	16	3	2	1	123
1843	1074	7	16	3	3	1	122
1844	1073	7	16	3	4	1	121
1845	1072	7	16	3	5	1	120
1846	1071	7	16	3	6	1	119
1847	1070	7	16	3	7	1	118
1848	1069	7	16	3	8	1	117
1849	1068	7	16	3	9	1	116
1850	1067	7	16	3	10	1	115
1851	1066	7	16	3	11	1	114
1852	1065	7	16	3	12	1	113
1853	1064	7	16	3	13	1	112
1854	1063	7	16	3	14	1	111
1855	1062	7	16	3	15	1	110
1856	1093	7	16	4	0	1	141
1857	1092	7	16	4	1	1	140
1858	1091	7	16	4	2	1	139
1859	1090	7	16	4	3	1	138
1860	1089	7	16	4	4	1	137
1861	1088	7	16	4	5	1	136
1862	1087	7	16	4	6	1	135
1863	1086	7	16	4	7	1	134
1864	1085	7	16	4	8	1	133
1865	1084	7	16	4	9	1	132
1866	1083	7	16	4	10	1	131
1867	1082	7	16	4	11	1	130
1868	1081	7	16	4	12	1	129
1869	1080	7	16	4	13	1	128
1870	1079	7	16	4	14	1	127
1871	1078	7	16	4	15	1	126
1872	30	7	16	5	0	0	30
1873	31	7	16	5	1	0	31
1874	32	7	16	5	2	0	32
1875	33	7	16	5	3	0	33
1876	34	7	16	5	4	0	34
1877	35	7	16	5	5	0	35
1878	36	7	16	5	6	0	36
1879	37	7	16	5	7	0	37
1880	38	7	16	5	8	0	38
1881	39	7	16	5	9	0	39
1882	40	7	16	5	10	0	40
1883	41	7	16	5	11	0	41
1884	42	7	16	5	12	0	42
1885	43	7	16	5	13	0	43
1886	44	7	16	5	14	0	44
1887	45	7	16	5	15	0	45
1888	46	7	16	6	0	0	46
1889	47	7	16	6	1	0	47
1890	48	7	16	6	2	0	48
1891	49	7	16	6	3	0	49
1892	50	7	16	6	4	0	50
1893	51	7	16	6	5	0	51
1894	52	7	16	6	6	0	52
1895	53	7	16	6	7	0	53
1896	54	7	16	6	8	0	54
1897	55	7	16	6	9	0	55
1898	56	7	16	6	10	0	56
1899	57	7	16	6	11	0	57
1900	58	7	16	6	12	0	58
1901	59	7	16	6	13	0	59
1902	60	7	16	6	14	0	60
1903	61	7	16	6	15	0	61
1904	1109	7	16	7	0	1	157
1905	1108	7	16	7	1	1	156
1906	1107	7	16	7	2	1	155
1907	1106	7	16	7	3	1	154
1908	1105	7	16	7	4	1	153
1909	1104	7	16	7	5	1	152
1910	1103	7	16	7	6	1	151
1911	1102	7	16	7	7	1	150
1912	1101	7	16	7	8	1	149
1913	1100	7	16	7	9	1	148
1914	1099	7	16	7	10	1	147
1915	1098	7	16	7	11	1	146
1916	1097	7	16	7	12	1	145
1917	1096	7	16	7	13	1	144
1918	1095	7	16	7	14	1	143
1919	1094	7	16	7	15	1	142
1920	1023	7	15	0	0	1	71
1921	1981	7	15	0	1	2	77
1922	1022	7	15	0	2	1	70
1923	1984	7	15	0	3	2	80
1924	1021	7	15	0	4	1	69
1925	1987	7	15	0	5	2	83
1926	1020	7	15	0	6	1	68
1927	1990	7	15	0	7	2	86
1928	1019	7	15	0	8	1	67
1929	1993	7	15	0	9	2	89
1930	1018	7	15	0	10	1	66
1931	1996	7	15	0	11	2	92
1932	1017	7	15	0	12	1	65
1933	1999	7	15	0	13	2	95
1934	1016	7	15	0	14	1	64
1935	2002	7	15	0	15	2	98
1936	2003	7	15	1	0	2	99
1937	2001	7	15	1	1	2	97
1938	2000	7	15	1	2	2	96
1939	1998	7	15	1	3	2	94
1940	1997	7	15	1	4	2	93
1941	1995	7	15	1	5	2	91
1942	1994	7	15	1	6	2	90
1943	1992	7	15	1	7	2	88
1944	1991	7	15	1	8	2	87
1945	1989	7	15	1	9	2	85
1946	1988	7	15	1	10	2	84
1947	1986	7	15	1	11	2	82
1948	1985	7	15	1	12	2	81
1949	1983	7	15	1	13	2	79
1950	1982	7	15	1	14	2	78
1951	1980	7	15	1	15	2	76
1952	1979	7	15	2	0	2	75
1953	1977	7	15	2	1	2	73
1954	1976	7	15	2	2	2	72
1955	1974	7	15	2	3	2	70
1956	1973	7	15	2	4	2	69
1957	1971	7	15	2	5	2	67
1958	1970	7	15	2	6	2	66
1959	1968	7	15	2	7	2	64
1960	1967	7	15	2	8	2	63
1961	1965	7	15	2	9	2	61
1962	1964	7	15	2	10	2	60
1963	1962	7	15	2	11	2	58
1964	1961	7	15	2	12	2	57
1965	1959	7	15	2	13	2	55
1966	1958	7	15	2	14	2	54
1967	1956	7	15	2	15	2	52
1968	1031	7	15	3	0	1	79
1969	1957	7	15	3	1	2	53
1970	1030	7	15	3	2	1	78
1971	1960	7	15	3	3	2	56
1972	1029	7	15	3	4	1	77
1973	1963	7	15	3	5	2	59
1974	1028	7	15	3	6	1	76
1975	1966	7	15	3	7	2	62
1976	1027	7	15	3	8	1	75
1977	1969	7	15	3	9	2	65
1978	1026	7	15	3	10	1	74
1979	1972	7	15	3	11	2	68
1980	1025	7	15	3	12	1	73
1981	1975	7	15	3	13	2	71
1982	1024	7	15	3	14	1	72
1983	1978	7	15	3	15	2	74
1984	1039	7	15	4	0	1	87
1985	1933	7	15	4	1	2	29
1986	1038	7	15	4	2	1	86
1987	1936	7	15	4	3	2	32
1988	1037	7	15	4	4	1	85
1989	1939	7	15	4	5	2	35
1990	1036	7	15	4	6	1	84
1991	1942	7	15	4	7	2	38
1992	1035	7	15	4	8	1	83
1993	1945	7	15	4	9	2	41
1994	1034	7	15	4	10	1	82
1995	1948	7	15	4	11	2	44
1996	1033	7	15	4	12	1	81
1997	1951	7	15	4	13	2	47
1998	1032	7	15	4	14	1	80
1999	1954	7	15	4	15	2	50
2000	1955	7	15	5	0	2	51
2001	1953	7	15	5	1	2	49
2002	1952	7	15	5	2	2	48
2003	1950	7	15	5	3	2	46
2004	1949	7	15	5	4	2	45
2005	1947	7	15	5	5	2	43
2006	1946	7	15	5	6	2	42
2007	1944	7	15	5	7	2	40
2008	1943	7	15	5	8	2	39
2009	1941	7	15	5	9	2	37
2010	1940	7	15	5	10	2	36
2011	1938	7	15	5	11	2	34
2012	1937	7	15	5	12	2	33
2013	1935	7	15	5	13	2	31
2014	1934	7	15	5	14	2	30
2015	1932	7	15	5	15	2	28
2016	1931	7	15	6	0	2	27
2017	1929	7	15	6	1	2	25
2018	1928	7	15	6	2	2	24
2019	1926	7	15	6	3	2	22
2020	1925	7	15	6	4	2	21
2021	1923	7	15	6	5	2	19
2022	1922	7	15	6	6	2	18
2023	1920	7	15	6	7	2	16
2024	1919	7	15	6	8	2	15
2025	1917	7	15	6	9	2	13
2026	1916	7	15	6	10	2	12
2027	1914	7	15	6	11	2	10
2028	1913	7	15	6	12	2	9
2029	1911	7	15	6	13	2	7
2030	1910	7	15	6	14	2	6
2031	1908	7	15	6	15	2	4
2032	1047	7	15	7	0	1	95
2033	1909	7	15	7	1	2	5
2034	1046	7	15	7	2	1	94
2035	1912	7	15	7	3	2	8
2036	1045	7	15	7	4	1	93
2037	1915	7	15	7	5	2	11
2038	1044	7	15	7	6	1	92
2039	1918	7	15	7	7	2	14
2040	1043	7	15	7	8	1	91
2041	1921	7	15	7	9	2	17
2042	1042	7	15	7	10	1	90
2043	1924	7	15	7	11	2	20
2044	1041	7	15	7	12	1	89
2045	1927	7	15	7	13	2	23
2046	1040	7	15	7	14	1	88
2047	1930	7	15	7	15	2	26
2048	269	8	20	0	0	0	269
2049	268	8	20	0	1	0	268
2050	267	8	20	0	2	0	267
2051	266	8	20	0	3	0	266
2052	265	8	20	0	4	0	265
2053	264	8	20	0	5	0	264
2054	263	8	20	0	6	0	263
2055	262	8	20	0	7	0	262
2056	261	8	20	0	8	0	261
2057	260	8	20	0	9	0	260
2058	259	8	20	0	10	0	259
2059	258	8	20	0	11	0	258
2060	257	8	20	0	12	0	257
2061	256	8	20	0	13	0	256
2062	255	8	20	0	14	0	255
2063	254	8	20	0	15	0	254
2064	1302	8	20	1	0	1	350
2065	1303	8	20	1	1	1	351
2066	1304	8	20	1	2	1	352
2067	1305	8	20	1	3	1	353
2068	1306	8	20	1	4	1	354
2069	1307	8	20	1	5	1	355
2070	1308	8	20	1	6	1	356
2071	1309	8	20	1	7	1	357
2072	1310	8	20	1	8	1	358
2073	1311	8	20	1	9	1	359
2074	1312	8	20	1	10	1	360
2075	1313	8	20	1	11	1	361
2076	1314	8	20	1	12	1	362
2077	1315	8	20	1	13	1	363
2078	1316	8	20	1	14	1	364
2079	1317	8	20	1	15	1	365
2080	1318	8	20	2	0	1	366
2081	1319	8	20	2	1	1	367
2082	1320	8	20	2	2	1	368
2083	1321	8	20	2	3	1	369
2084	1322	8	20	2	4	1	370
2085	1323	8	20	2	5	1	371
2086	1324	8	20	2	6	1	372
2087	1325	8	20	2	7	1	373
2088	1326	8	20	2	8	1	374
2089	1327	8	20	2	9	1	375
2090	1328	8	20	2	10	1	376
2091	1329	8	20	2	11	1	377
2092	1330	8	20	2	12	1	378
2093	1331	8	20	2	13	1	379
2094	1332	8	20	2	14	1	380
2095	1333	8	20	2	15	1	381
2096	285	8	20	3	0	0	285
2097	284	8	20	3	1	0	284
2098	283	8	20	3	2	0	283
2099	282	8	20	3	3	0	282
2100	281	8	20	3	4	0	281
2101	280	8	20	3	5	0	280
2102	279	8	20	3	6	0	279
2103	278	8	20	3	7	0	278
2104	277	8	20	3	8	0	277
2105	276	8	20	3	9	0	276
2106	275	8	20	3	10	0	275
2107	274	8	20	3	11	0	274
2108	273	8	20	3	12	0	273
2109	272	8	20	3	13	0	272
2110	271	8	20	3	14	0	271
2111	270	8	20	3	15	0	270
2112	301	8	20	4	0	0	301
2113	300	8	20	4	1	0	300
2114	299	8	20	4	2	0	299
2115	298	8	20	4	3	0	298
2116	297	8	20	4	4	0	297
2117	296	8	20	4	5	0	296
2118	295	8	20	4	6	0	295
2119	294	8	20	4	7	0	294
2120	293	8	20	4	8	0	293
2121	292	8	20	4	9	0	292
2122	291	8	20	4	10	0	291
2123	290	8	20	4	11	0	290
2124	289	8	20	4	12	0	289
2125	288	8	20	4	13	0	288
2126	287	8	20	4	14	0	287
2127	286	8	20	4	15	0	286
2128	1334	8	20	5	0	1	382
2129	1335	8	20	5	1	1	383
2130	1336	8	20	5	2	1	384
2131	1337	8	20	5	3	1	385
2132	1338	8	20	5	4	1	386
2133	1339	8	20	5	5	1	387
2134	1340	8	20	5	6	1	388
2135	1341	8	20	5	7	1	389
2136	1342	8	20	5	8	1	390
2137	1343	8	20	5	9	1	391
2138	1344	8	20	5	10	1	392
2139	1345	8	20	5	11	1	393
2140	1346	8	20	5	12	1	394
2141	1347	8	20	5	13	1	395
2142	1348	8	20	5	14	1	396
2143	1349	8	20	5	15	1	397
2144	1350	8	20	6	0	1	398
2145	1351	8	20	6	1	1	399
2146	1352	8	20	6	2	1	400
2147	1353	8	20	6	3	1	401
2148	1354	8	20	6	4	1	402
2149	1355	8	20	6	5	1	403
2150	1356	8	20	6	6	1	404
2151	1357	8	20	6	7	1	405
2152	1358	8	20	6	8	1	406
2153	1359	8	20	6	9	1	407
2154	1360	8	20	6	10	1	408
2155	1361	8	20	6	11	1	409
2156	1362	8	20	6	12	1	410
2157	1363	8	20	6	13	1	411
2158	1364	8	20	6	14	1	412
2159	1365	8	20	6	15	1	413
2160	317	8	20	7	0	0	317
2161	316	8	20	7	1	0	316
2162	315	8	20	7	2	0	315
2163	314	8	20	7	3	0	314
2164	313	8	20	7	4	0	313
2165	312	8	20	7	5	0	312
2166	311	8	20	7	6	0	311
2167	310	8	20	7	7	0	310
2168	309	8	20	7	8	0	309
2169	308	8	20	7	9	0	308
2170	307	8	20	7	10	0	307
2171	306	8	20	7	11	0	306
2172	305	8	20	7	12	0	305
2173	304	8	20	7	13	0	304
2174	303	8	20	7	14	0	303
2175	302	8	20	7	15	0	302
2176	205	8	19	0	0	0	205
2177	204	8	19	0	1	0	204
2178	203	8	19	0	2	0	203
2179	202	8	19	0	3	0	202
2180	201	8	19	0	4	0	201
2181	200	8	19	0	5	0	200
2182	199	8	19	0	6	0	199
2183	198	8	19	0	7	0	198
2184	197	8	19	0	8	0	197
2185	196	8	19	0	9	0	196
2186	195	8	19	0	10	0	195
2187	194	8	19	0	11	0	194
2188	193	8	19	0	12	0	193
2189	192	8	19	0	13	0	192
2190	191	8	19	0	14	0	191
2191	190	8	19	0	15	0	190
2192	1238	8	19	1	0	1	286
2193	1239	8	19	1	1	1	287
2194	1240	8	19	1	2	1	288
2195	1241	8	19	1	3	1	289
2196	1242	8	19	1	4	1	290
2197	1243	8	19	1	5	1	291
2198	1244	8	19	1	6	1	292
2199	1245	8	19	1	7	1	293
2200	1246	8	19	1	8	1	294
2201	1247	8	19	1	9	1	295
2202	1248	8	19	1	10	1	296
2203	1249	8	19	1	11	1	297
2204	1250	8	19	1	12	1	298
2205	1251	8	19	1	13	1	299
2206	1252	8	19	1	14	1	300
2207	1253	8	19	1	15	1	301
2208	1254	8	19	2	0	1	302
2209	1255	8	19	2	1	1	303
2210	1256	8	19	2	2	1	304
2211	1257	8	19	2	3	1	305
2212	1258	8	19	2	4	1	306
2213	1259	8	19	2	5	1	307
2214	1260	8	19	2	6	1	308
2215	1261	8	19	2	7	1	309
2216	1262	8	19	2	8	1	310
2217	1263	8	19	2	9	1	311
2218	1264	8	19	2	10	1	312
2219	1265	8	19	2	11	1	313
2220	1266	8	19	2	12	1	314
2221	1267	8	19	2	13	1	315
2222	1268	8	19	2	14	1	316
2223	1269	8	19	2	15	1	317
2224	221	8	19	3	0	0	221
2225	220	8	19	3	1	0	220
2226	219	8	19	3	2	0	219
2227	218	8	19	3	3	0	218
2228	217	8	19	3	4	0	217
2229	216	8	19	3	5	0	216
2230	215	8	19	3	6	0	215
2231	214	8	19	3	7	0	214
2232	213	8	19	3	8	0	213
2233	212	8	19	3	9	0	212
2234	211	8	19	3	10	0	211
2235	210	8	19	3	11	0	210
2236	209	8	19	3	12	0	209
2237	208	8	19	3	13	0	208
2238	207	8	19	3	14	0	207
2239	206	8	19	3	15	0	206
2240	237	8	19	4	0	0	237
2241	236	8	19	4	1	0	236
2242	235	8	19	4	2	0	235
2243	234	8	19	4	3	0	234
2244	233	8	19	4	4	0	233
2245	232	8	19	4	5	0	232
2246	231	8	19	4	6	0	231
2247	230	8	19	4	7	0	230
2248	229	8	19	4	8	0	229
2249	228	8	19	4	9	0	228
2250	227	8	19	4	10	0	227
2251	226	8	19	4	11	0	226
2252	225	8	19	4	12	0	225
2253	224	8	19	4	13	0	224
2254	223	8	19	4	14	0	223
2255	222	8	19	4	15	0	222
2256	1270	8	19	5	0	1	318
2257	1271	8	19	5	1	1	319
2258	1272	8	19	5	2	1	320
2259	1273	8	19	5	3	1	321
2260	1274	8	19	5	4	1	322
2261	1275	8	19	5	5	1	323
2262	1276	8	19	5	6	1	324
2263	1277	8	19	5	7	1	325
2264	1278	8	19	5	8	1	326
2265	1279	8	19	5	9	1	327
2266	1280	8	19	5	10	1	328
2267	1281	8	19	5	11	1	329
2268	1282	8	19	5	12	1	330
2269	1283	8	19	5	13	1	331
2270	1284	8	19	5	14	1	332
2271	1285	8	19	5	15	1	333
2272	1286	8	19	6	0	1	334
2273	1287	8	19	6	1	1	335
2274	1288	8	19	6	2	1	336
2275	1289	8	19	6	3	1	337
2276	1290	8	19	6	4	1	338
2277	1291	8	19	6	5	1	339
2278	1292	8	19	6	6	1	340
2279	1293	8	19	6	7	1	341
2280	1294	8	19	6	8	1	342
2281	1295	8	19	6	9	1	343
2282	1296	8	19	6	10	1	344
2283	1297	8	19	6	11	1	345
2284	1298	8	19	6	12	1	346
2285	1299	8	19	6	13	1	347
2286	1300	8	19	6	14	1	348
2287	1301	8	19	6	15	1	349
2288	253	8	19	7	0	0	253
2289	252	8	19	7	1	0	252
2290	251	8	19	7	2	0	251
2291	250	8	19	7	3	0	250
2292	249	8	19	7	4	0	249
2293	248	8	19	7	5	0	248
2294	247	8	19	7	6	0	247
2295	246	8	19	7	7	0	246
2296	245	8	19	7	8	0	245
2297	244	8	19	7	9	0	244
2298	243	8	19	7	10	0	243
2299	242	8	19	7	11	0	242
2300	241	8	19	7	12	0	241
2301	240	8	19	7	13	0	240
2302	239	8	19	7	14	0	239
2303	238	8	19	7	15	0	238
2304	451	9	24	0	0	0	451
2305	2414	9	24	0	1	2	510
2306	450	9	24	0	2	0	450
2307	2411	9	24	0	3	2	507
2308	449	9	24	0	4	0	449
2309	2408	9	24	0	5	2	504
2310	448	9	24	0	6	0	448
2311	2405	9	24	0	7	2	501
2312	447	9	24	0	8	0	447
2313	2402	9	24	0	9	2	498
2314	446	9	24	0	10	0	446
2315	2399	9	24	0	11	2	495
2316	445	9	24	0	12	0	445
2317	2396	9	24	0	13	2	492
2318	444	9	24	0	14	0	444
2319	2393	9	24	0	15	2	489
2320	2392	9	24	1	0	2	488
2321	2394	9	24	1	1	2	490
2322	2395	9	24	1	2	2	491
2323	2397	9	24	1	3	2	493
2324	2398	9	24	1	4	2	494
2325	2400	9	24	1	5	2	496
2326	2401	9	24	1	6	2	497
2327	2403	9	24	1	7	2	499
2328	2404	9	24	1	8	2	500
2329	2406	9	24	1	9	2	502
2330	2407	9	24	1	10	2	503
2331	2409	9	24	1	11	2	505
2332	2410	9	24	1	12	2	506
2333	2412	9	24	1	13	2	508
2334	2413	9	24	1	14	2	509
2335	2415	9	24	1	15	2	511
2336	2416	9	24	2	0	2	512
2337	2418	9	24	2	1	2	514
2338	2419	9	24	2	2	2	515
2339	2421	9	24	2	3	2	517
2340	2422	9	24	2	4	2	518
2341	2424	9	24	2	5	2	520
2342	2425	9	24	2	6	2	521
2343	2427	9	24	2	7	2	523
2344	2428	9	24	2	8	2	524
2345	2430	9	24	2	9	2	526
2346	2431	9	24	2	10	2	527
2347	2433	9	24	2	11	2	529
2348	2434	9	24	2	12	2	530
2349	2436	9	24	2	13	2	532
2350	2437	9	24	2	14	2	533
2351	2439	9	24	2	15	2	535
2352	459	9	24	3	0	0	459
2353	2438	9	24	3	1	2	534
2354	458	9	24	3	2	0	458
2355	2435	9	24	3	3	2	531
2356	457	9	24	3	4	0	457
2357	2432	9	24	3	5	2	528
2358	456	9	24	3	6	0	456
2359	2429	9	24	3	7	2	525
2360	455	9	24	3	8	0	455
2361	2426	9	24	3	9	2	522
2362	454	9	24	3	10	0	454
2363	2423	9	24	3	11	2	519
2364	453	9	24	3	12	0	453
2365	2420	9	24	3	13	2	516
2366	452	9	24	3	14	0	452
2367	2417	9	24	3	15	2	513
2368	467	9	24	4	0	0	467
2369	2462	9	24	4	1	2	558
2370	466	9	24	4	2	0	466
2371	2459	9	24	4	3	2	555
2372	465	9	24	4	4	0	465
2373	2456	9	24	4	5	2	552
2374	464	9	24	4	6	0	464
2375	2453	9	24	4	7	2	549
2376	463	9	24	4	8	0	463
2377	2450	9	24	4	9	2	546
2378	462	9	24	4	10	0	462
2379	2447	9	24	4	11	2	543
2380	461	9	24	4	12	0	461
2381	2444	9	24	4	13	2	540
2382	460	9	24	4	14	0	460
2383	2441	9	24	4	15	2	537
2384	2440	9	24	5	0	2	536
2385	2442	9	24	5	1	2	538
2386	2443	9	24	5	2	2	539
2387	2445	9	24	5	3	2	541
2388	2446	9	24	5	4	2	542
2389	2448	9	24	5	5	2	544
2390	2449	9	24	5	6	2	545
2391	2451	9	24	5	7	2	547
2392	2452	9	24	5	8	2	548
2393	2454	9	24	5	9	2	550
2394	2455	9	24	5	10	2	551
2395	2457	9	24	5	11	2	553
2396	2458	9	24	5	12	2	554
2397	2460	9	24	5	13	2	556
2398	2461	9	24	5	14	2	557
2399	2463	9	24	5	15	2	559
2400	2464	9	24	6	0	2	560
2401	2466	9	24	6	1	2	562
2402	2467	9	24	6	2	2	563
2403	2469	9	24	6	3	2	565
2404	2470	9	24	6	4	2	566
2405	2472	9	24	6	5	2	568
2406	2473	9	24	6	6	2	569
2407	2475	9	24	6	7	2	571
2408	2476	9	24	6	8	2	572
2409	2478	9	24	6	9	2	574
2410	2479	9	24	6	10	2	575
2411	2481	9	24	6	11	2	577
2412	2482	9	24	6	12	2	578
2413	2484	9	24	6	13	2	580
2414	2485	9	24	6	14	2	581
2415	2487	9	24	6	15	2	583
2416	475	9	24	7	0	0	475
2417	2486	9	24	7	1	2	582
2418	474	9	24	7	2	0	474
2419	2483	9	24	7	3	2	579
2420	473	9	24	7	4	0	473
2421	2480	9	24	7	5	2	576
2422	472	9	24	7	6	0	472
2423	2477	9	24	7	7	2	573
2424	471	9	24	7	8	0	471
2425	2474	9	24	7	9	2	570
2426	470	9	24	7	10	0	470
2427	2471	9	24	7	11	2	567
2428	469	9	24	7	12	0	469
2429	2468	9	24	7	13	2	564
2430	468	9	24	7	14	0	468
2431	2465	9	24	7	15	2	561
2432	419	9	23	0	0	0	419
2433	2318	9	23	0	1	2	414
2434	418	9	23	0	2	0	418
2435	2315	9	23	0	3	2	411
2436	417	9	23	0	4	0	417
2437	2312	9	23	0	5	2	408
2438	416	9	23	0	6	0	416
2439	2309	9	23	0	7	2	405
2440	415	9	23	0	8	0	415
2441	2306	9	23	0	9	2	402
2442	414	9	23	0	10	0	414
2443	2303	9	23	0	11	2	399
2444	413	9	23	0	12	0	413
2445	2300	9	23	0	13	2	396
2446	412	9	23	0	14	0	412
2447	2297	9	23	0	15	2	393
2448	2296	9	23	1	0	2	392
2449	2298	9	23	1	1	2	394
2450	2299	9	23	1	2	2	395
2451	2301	9	23	1	3	2	397
2452	2302	9	23	1	4	2	398
2453	2304	9	23	1	5	2	400
2454	2305	9	23	1	6	2	401
2455	2307	9	23	1	7	2	403
2456	2308	9	23	1	8	2	404
2457	2310	9	23	1	9	2	406
2458	2311	9	23	1	10	2	407
2459	2313	9	23	1	11	2	409
2460	2314	9	23	1	12	2	410
2461	2316	9	23	1	13	2	412
2462	2317	9	23	1	14	2	413
2463	2319	9	23	1	15	2	415
2464	2320	9	23	2	0	2	416
2465	2322	9	23	2	1	2	418
2466	2323	9	23	2	2	2	419
2467	2325	9	23	2	3	2	421
2468	2326	9	23	2	4	2	422
2469	2328	9	23	2	5	2	424
2470	2329	9	23	2	6	2	425
2471	2331	9	23	2	7	2	427
2472	2332	9	23	2	8	2	428
2473	2334	9	23	2	9	2	430
2474	2335	9	23	2	10	2	431
2475	2337	9	23	2	11	2	433
2476	2338	9	23	2	12	2	434
2477	2340	9	23	2	13	2	436
2478	2341	9	23	2	14	2	437
2479	2343	9	23	2	15	2	439
2480	427	9	23	3	0	0	427
2481	2342	9	23	3	1	2	438
2482	426	9	23	3	2	0	426
2483	2339	9	23	3	3	2	435
2484	425	9	23	3	4	0	425
2485	2336	9	23	3	5	2	432
2486	424	9	23	3	6	0	424
2487	2333	9	23	3	7	2	429
2488	423	9	23	3	8	0	423
2489	2330	9	23	3	9	2	426
2490	422	9	23	3	10	0	422
2491	2327	9	23	3	11	2	423
2492	421	9	23	3	12	0	421
2493	2324	9	23	3	13	2	420
2494	420	9	23	3	14	0	420
2495	2321	9	23	3	15	2	417
2496	435	9	23	4	0	0	435
2497	2366	9	23	4	1	2	462
2498	434	9	23	4	2	0	434
2499	2363	9	23	4	3	2	459
2500	433	9	23	4	4	0	433
2501	2360	9	23	4	5	2	456
2502	432	9	23	4	6	0	432
2503	2357	9	23	4	7	2	453
2504	431	9	23	4	8	0	431
2505	2354	9	23	4	9	2	450
2506	430	9	23	4	10	0	430
2507	2351	9	23	4	11	2	447
2508	429	9	23	4	12	0	429
2509	2348	9	23	4	13	2	444
2510	428	9	23	4	14	0	428
2511	2345	9	23	4	15	2	441
2512	2344	9	23	5	0	2	440
2513	2346	9	23	5	1	2	442
2514	2347	9	23	5	2	2	443
2515	2349	9	23	5	3	2	445
2516	2350	9	23	5	4	2	446
2517	2352	9	23	5	5	2	448
2518	2353	9	23	5	6	2	449
2519	2355	9	23	5	7	2	451
2520	2356	9	23	5	8	2	452
2521	2358	9	23	5	9	2	454
2522	2359	9	23	5	10	2	455
2523	2361	9	23	5	11	2	457
2524	2362	9	23	5	12	2	458
2525	2364	9	23	5	13	2	460
2526	2365	9	23	5	14	2	461
2527	2367	9	23	5	15	2	463
2528	2368	9	23	6	0	2	464
2529	2370	9	23	6	1	2	466
2530	2371	9	23	6	2	2	467
2531	2373	9	23	6	3	2	469
2532	2374	9	23	6	4	2	470
2533	2376	9	23	6	5	2	472
2534	2377	9	23	6	6	2	473
2535	2379	9	23	6	7	2	475
2536	2380	9	23	6	8	2	476
2537	2382	9	23	6	9	2	478
2538	2383	9	23	6	10	2	479
2539	2385	9	23	6	11	2	481
2540	2386	9	23	6	12	2	482
2541	2388	9	23	6	13	2	484
2542	2389	9	23	6	14	2	485
2543	2391	9	23	6	15	2	487
2544	443	9	23	7	0	0	443
2545	2390	9	23	7	1	2	486
2546	442	9	23	7	2	0	442
2547	2387	9	23	7	3	2	483
2548	441	9	23	7	4	0	441
2549	2384	9	23	7	5	2	480
2550	440	9	23	7	6	0	440
2551	2381	9	23	7	7	2	477
2552	439	9	23	7	8	0	439
2553	2378	9	23	7	9	2	474
2554	438	9	23	7	10	0	438
2555	2375	9	23	7	11	2	471
2556	437	9	23	7	12	0	437
2557	2372	9	23	7	13	2	468
2558	436	9	23	7	14	0	436
2559	2369	9	23	7	15	2	465
2560	141	10	18	0	0	0	141
2561	140	10	18	0	1	0	140
2562	139	10	18	0	2	0	139
2563	138	10	18	0	3	0	138
2564	137	10	18	0	4	0	137
2565	136	10	18	0	5	0	136
2566	135	10	18	0	6	0	135
2567	134	10	18	0	7	0	134
2568	133	10	18	0	8	0	133
2569	132	10	18	0	9	0	132
2570	131	10	18	0	10	0	131
2571	130	10	18	0	11	0	130
2572	129	10	18	0	12	0	129
2573	128	10	18	0	13	0	128
2574	127	10	18	0	14	0	127
2575	126	10	18	0	15	0	126
2576	1174	10	18	1	0	1	222
2577	1175	10	18	1	1	1	223
2578	1176	10	18	1	2	1	224
2579	1177	10	18	1	3	1	225
2580	1178	10	18	1	4	1	226
2581	1179	10	18	1	5	1	227
2582	1180	10	18	1	6	1	228
2583	1181	10	18	1	7	1	229
2584	1182	10	18	1	8	1	230
2585	1183	10	18	1	9	1	231
2586	1184	10	18	1	10	1	232
2587	1185	10	18	1	11	1	233
2588	1186	10	18	1	12	1	234
2589	1187	10	18	1	13	1	235
2590	1188	10	18	1	14	1	236
2591	1189	10	18	1	15	1	237
2592	1190	10	18	2	0	1	238
2593	1191	10	18	2	1	1	239
2594	1192	10	18	2	2	1	240
2595	1193	10	18	2	3	1	241
2596	1194	10	18	2	4	1	242
2597	1195	10	18	2	5	1	243
2598	1196	10	18	2	6	1	244
2599	1197	10	18	2	7	1	245
2600	1198	10	18	2	8	1	246
2601	1199	10	18	2	9	1	247
2602	1200	10	18	2	10	1	248
2603	1201	10	18	2	11	1	249
2604	1202	10	18	2	12	1	250
2605	1203	10	18	2	13	1	251
2606	1204	10	18	2	14	1	252
2607	1205	10	18	2	15	1	253
2608	157	10	18	3	0	0	157
2609	156	10	18	3	1	0	156
2610	155	10	18	3	2	0	155
2611	154	10	18	3	3	0	154
2612	153	10	18	3	4	0	153
2613	152	10	18	3	5	0	152
2614	151	10	18	3	6	0	151
2615	150	10	18	3	7	0	150
2616	149	10	18	3	8	0	149
2617	148	10	18	3	9	0	148
2618	147	10	18	3	10	0	147
2619	146	10	18	3	11	0	146
2620	145	10	18	3	12	0	145
2621	144	10	18	3	13	0	144
2622	143	10	18	3	14	0	143
2623	142	10	18	3	15	0	142
2624	173	10	18	4	0	0	173
2625	172	10	18	4	1	0	172
2626	171	10	18	4	2	0	171
2627	170	10	18	4	3	0	170
2628	169	10	18	4	4	0	169
2629	168	10	18	4	5	0	168
2630	167	10	18	4	6	0	167
2631	166	10	18	4	7	0	166
2632	165	10	18	4	8	0	165
2633	164	10	18	4	9	0	164
2634	163	10	18	4	10	0	163
2635	162	10	18	4	11	0	162
2636	161	10	18	4	12	0	161
2637	160	10	18	4	13	0	160
2638	159	10	18	4	14	0	159
2639	158	10	18	4	15	0	158
2640	1206	10	18	5	0	1	254
2641	1207	10	18	5	1	1	255
2642	1208	10	18	5	2	1	256
2643	1209	10	18	5	3	1	257
2644	1210	10	18	5	4	1	258
2645	1211	10	18	5	5	1	259
2646	1212	10	18	5	6	1	260
2647	1213	10	18	5	7	1	261
2648	1214	10	18	5	8	1	262
2649	1215	10	18	5	9	1	263
2650	1216	10	18	5	10	1	264
2651	1217	10	18	5	11	1	265
2652	1218	10	18	5	12	1	266
2653	1219	10	18	5	13	1	267
2654	1220	10	18	5	14	1	268
2655	1221	10	18	5	15	1	269
2656	1222	10	18	6	0	1	270
2657	1223	10	18	6	1	1	271
2658	1224	10	18	6	2	1	272
2659	1225	10	18	6	3	1	273
2660	1226	10	18	6	4	1	274
2661	1227	10	18	6	5	1	275
2662	1228	10	18	6	6	1	276
2663	1229	10	18	6	7	1	277
2664	1230	10	18	6	8	1	278
2665	1231	10	18	6	9	1	279
2666	1232	10	18	6	10	1	280
2667	1233	10	18	6	11	1	281
2668	1234	10	18	6	12	1	282
2669	1235	10	18	6	13	1	283
2670	1236	10	18	6	14	1	284
2671	1237	10	18	6	15	1	285
2672	189	10	18	7	0	0	189
2673	188	10	18	7	1	0	188
2674	187	10	18	7	2	0	187
2675	186	10	18	7	3	0	186
2676	185	10	18	7	4	0	185
2677	184	10	18	7	5	0	184
2678	183	10	18	7	6	0	183
2679	182	10	18	7	7	0	182
2680	181	10	18	7	8	0	181
2681	180	10	18	7	9	0	180
2682	179	10	18	7	10	0	179
2683	178	10	18	7	11	0	178
2684	177	10	18	7	12	0	177
2685	176	10	18	7	13	0	176
2686	175	10	18	7	14	0	175
2687	174	10	18	7	15	0	174
2688	77	10	17	0	0	0	77
2689	76	10	17	0	1	0	76
2690	75	10	17	0	2	0	75
2691	74	10	17	0	3	0	74
2692	73	10	17	0	4	0	73
2693	72	10	17	0	5	0	72
2694	71	10	17	0	6	0	71
2695	70	10	17	0	7	0	70
2696	69	10	17	0	8	0	69
2697	68	10	17	0	9	0	68
2698	67	10	17	0	10	0	67
2699	66	10	17	0	11	0	66
2700	65	10	17	0	12	0	65
2701	64	10	17	0	13	0	64
2702	63	10	17	0	14	0	63
2703	62	10	17	0	15	0	62
2704	1110	10	17	1	0	1	158
2705	1111	10	17	1	1	1	159
2706	1112	10	17	1	2	1	160
2707	1113	10	17	1	3	1	161
2708	1114	10	17	1	4	1	162
2709	1115	10	17	1	5	1	163
2710	1116	10	17	1	6	1	164
2711	1117	10	17	1	7	1	165
2712	1118	10	17	1	8	1	166
2713	1119	10	17	1	9	1	167
2714	1120	10	17	1	10	1	168
2715	1121	10	17	1	11	1	169
2716	1122	10	17	1	12	1	170
2717	1123	10	17	1	13	1	171
2718	1124	10	17	1	14	1	172
2719	1125	10	17	1	15	1	173
2720	1126	10	17	2	0	1	174
2721	1127	10	17	2	1	1	175
2722	1128	10	17	2	2	1	176
2723	1129	10	17	2	3	1	177
2724	1130	10	17	2	4	1	178
2725	1131	10	17	2	5	1	179
2726	1132	10	17	2	6	1	180
2727	1133	10	17	2	7	1	181
2728	1134	10	17	2	8	1	182
2729	1135	10	17	2	9	1	183
2730	1136	10	17	2	10	1	184
2731	1137	10	17	2	11	1	185
2732	1138	10	17	2	12	1	186
2733	1139	10	17	2	13	1	187
2734	1140	10	17	2	14	1	188
2735	1141	10	17	2	15	1	189
2736	93	10	17	3	0	0	93
2737	92	10	17	3	1	0	92
2738	91	10	17	3	2	0	91
2739	90	10	17	3	3	0	90
2740	89	10	17	3	4	0	89
2741	88	10	17	3	5	0	88
2742	87	10	17	3	6	0	87
2743	86	10	17	3	7	0	86
2744	85	10	17	3	8	0	85
2745	84	10	17	3	9	0	84
2746	83	10	17	3	10	0	83
2747	82	10	17	3	11	0	82
2748	81	10	17	3	12	0	81
2749	80	10	17	3	13	0	80
2750	79	10	17	3	14	0	79
2751	78	10	17	3	15	0	78
2752	109	10	17	4	0	0	109
2753	108	10	17	4	1	0	108
2754	107	10	17	4	2	0	107
2755	106	10	17	4	3	0	106
2756	105	10	17	4	4	0	105
2757	104	10	17	4	5	0	104
2758	103	10	17	4	6	0	103
2759	102	10	17	4	7	0	102
2760	101	10	17	4	8	0	101
2761	100	10	17	4	9	0	100
2762	99	10	17	4	10	0	99
2763	98	10	17	4	11	0	98
2764	97	10	17	4	12	0	97
2765	96	10	17	4	13	0	96
2766	95	10	17	4	14	0	95
2767	94	10	17	4	15	0	94
2768	1142	10	17	5	0	1	190
2769	1143	10	17	5	1	1	191
2770	1144	10	17	5	2	1	192
2771	1145	10	17	5	3	1	193
2772	1146	10	17	5	4	1	194
2773	1147	10	17	5	5	1	195
2774	1148	10	17	5	6	1	196
2775	1149	10	17	5	7	1	197
2776	1150	10	17	5	8	1	198
2777	1151	10	17	5	9	1	199
2778	1152	10	17	5	10	1	200
2779	1153	10	17	5	11	1	201
2780	1154	10	17	5	12	1	202
2781	1155	10	17	5	13	1	203
2782	1156	10	17	5	14	1	204
2783	1157	10	17	5	15	1	205
2784	1158	10	17	6	0	1	206
2785	1159	10	17	6	1	1	207
2786	1160	10	17	6	2	1	208
2787	1161	10	17	6	3	1	209
2788	1162	10	17	6	4	1	210
2789	1163	10	17	6	5	1	211
2790	1164	10	17	6	6	1	212
2791	1165	10	17	6	7	1	213
2792	1166	10	17	6	8	1	214
2793	1167	10	17	6	9	1	215
2794	1168	10	17	6	10	1	216
2795	1169	10	17	6	11	1	217
2796	1170	10	17	6	12	1	218
2797	1171	10	17	6	13	1	219
2798	1172	10	17	6	14	1	220
2799	1173	10	17	6	15	1	221
2800	125	10	17	7	0	0	125
2801	124	10	17	7	1	0	124
2802	123	10	17	7	2	0	123
2803	122	10	17	7	3	0	122
2804	121	10	17	7	4	0	121
2805	120	10	17	7	5	0	120
2806	119	10	17	7	6	0	119
2807	118	10	17	7	7	0	118
2808	117	10	17	7	8	0	117
2809	116	10	17	7	9	0	116
2810	115	10	17	7	10	0	115
2811	114	10	17	7	11	0	114
2812	113	10	17	7	12	0	113
2813	112	10	17	7	13	0	112
2814	111	10	17	7	14	0	111
2815	110	10	17	7	15	0	110
2816	387	11	22	0	0	0	387
2817	2222	11	22	0	1	2	318
2818	386	11	22	0	2	0	386
2819	2219	11	22	0	3	2	315
2820	385	11	22	0	4	0	385
2821	2216	11	22	0	5	2	312
2822	384	11	22	0	6	0	384
2823	2213	11	22	0	7	2	309
2824	383	11	22	0	8	0	383
2825	2210	11	22	0	9	2	306
2826	382	11	22	0	10	0	382
2827	2207	11	22	0	11	2	303
2828	381	11	22	0	12	0	381
2829	2204	11	22	0	13	2	300
2830	380	11	22	0	14	0	380
2831	2201	11	22	0	15	2	297
2832	2200	11	22	1	0	2	296
2833	2202	11	22	1	1	2	298
2834	2203	11	22	1	2	2	299
2835	2205	11	22	1	3	2	301
2836	2206	11	22	1	4	2	302
2837	2208	11	22	1	5	2	304
2838	2209	11	22	1	6	2	305
2839	2211	11	22	1	7	2	307
2840	2212	11	22	1	8	2	308
2841	2214	11	22	1	9	2	310
2842	2215	11	22	1	10	2	311
2843	2217	11	22	1	11	2	313
2844	2218	11	22	1	12	2	314
2845	2220	11	22	1	13	2	316
2846	2221	11	22	1	14	2	317
2847	2223	11	22	1	15	2	319
2848	2224	11	22	2	0	2	320
2849	2226	11	22	2	1	2	322
2850	2227	11	22	2	2	2	323
2851	2229	11	22	2	3	2	325
2852	2230	11	22	2	4	2	326
2853	2232	11	22	2	5	2	328
2854	2233	11	22	2	6	2	329
2855	2235	11	22	2	7	2	331
2856	2236	11	22	2	8	2	332
2857	2238	11	22	2	9	2	334
2858	2239	11	22	2	10	2	335
2859	2241	11	22	2	11	2	337
2860	2242	11	22	2	12	2	338
2861	2244	11	22	2	13	2	340
2862	2245	11	22	2	14	2	341
2863	2247	11	22	2	15	2	343
2864	395	11	22	3	0	0	395
2865	2246	11	22	3	1	2	342
2866	394	11	22	3	2	0	394
2867	2243	11	22	3	3	2	339
2868	393	11	22	3	4	0	393
2869	2240	11	22	3	5	2	336
2870	392	11	22	3	6	0	392
2871	2237	11	22	3	7	2	333
2872	391	11	22	3	8	0	391
2873	2234	11	22	3	9	2	330
2874	390	11	22	3	10	0	390
2875	2231	11	22	3	11	2	327
2876	389	11	22	3	12	0	389
2877	2228	11	22	3	13	2	324
2878	388	11	22	3	14	0	388
2879	2225	11	22	3	15	2	321
2880	403	11	22	4	0	0	403
2881	2270	11	22	4	1	2	366
2882	402	11	22	4	2	0	402
2883	2267	11	22	4	3	2	363
2884	401	11	22	4	4	0	401
2885	2264	11	22	4	5	2	360
2886	400	11	22	4	6	0	400
2887	2261	11	22	4	7	2	357
2888	399	11	22	4	8	0	399
2889	2258	11	22	4	9	2	354
2890	398	11	22	4	10	0	398
2891	2255	11	22	4	11	2	351
2892	397	11	22	4	12	0	397
2893	2252	11	22	4	13	2	348
2894	396	11	22	4	14	0	396
2895	2249	11	22	4	15	2	345
2896	2248	11	22	5	0	2	344
2897	2250	11	22	5	1	2	346
2898	2251	11	22	5	2	2	347
2899	2253	11	22	5	3	2	349
2900	2254	11	22	5	4	2	350
2901	2256	11	22	5	5	2	352
2902	2257	11	22	5	6	2	353
2903	2259	11	22	5	7	2	355
2904	2260	11	22	5	8	2	356
2905	2262	11	22	5	9	2	358
2906	2263	11	22	5	10	2	359
2907	2265	11	22	5	11	2	361
2908	2266	11	22	5	12	2	362
2909	2268	11	22	5	13	2	364
2910	2269	11	22	5	14	2	365
2911	2271	11	22	5	15	2	367
2912	2272	11	22	6	0	2	368
2913	2274	11	22	6	1	2	370
2914	2275	11	22	6	2	2	371
2915	2277	11	22	6	3	2	373
2916	2278	11	22	6	4	2	374
2917	2280	11	22	6	5	2	376
2918	2281	11	22	6	6	2	377
2919	2283	11	22	6	7	2	379
2920	2284	11	22	6	8	2	380
2921	2286	11	22	6	9	2	382
2922	2287	11	22	6	10	2	383
2923	2289	11	22	6	11	2	385
2924	2290	11	22	6	12	2	386
2925	2292	11	22	6	13	2	388
2926	2293	11	22	6	14	2	389
2927	2295	11	22	6	15	2	391
2928	411	11	22	7	0	0	411
2929	2294	11	22	7	1	2	390
2930	410	11	22	7	2	0	410
2931	2291	11	22	7	3	2	387
2932	409	11	22	7	4	0	409
2933	2288	11	22	7	5	2	384
2934	408	11	22	7	6	0	408
2935	2285	11	22	7	7	2	381
2936	407	11	22	7	8	0	407
2937	2282	11	22	7	9	2	378
2938	406	11	22	7	10	0	406
2939	2279	11	22	7	11	2	375
2940	405	11	22	7	12	0	405
2941	2276	11	22	7	13	2	372
2942	404	11	22	7	14	0	404
2943	2273	11	22	7	15	2	369
2944	333	11	21	0	0	0	333
2945	332	11	21	0	1	0	332
2946	1378	11	21	0	2	1	426
2947	330	11	21	0	3	0	330
2948	1376	11	21	0	4	1	424
2949	328	11	21	0	5	0	328
2950	1374	11	21	0	6	1	422
2951	326	11	21	0	7	0	326
2952	1372	11	21	0	8	1	420
2953	324	11	21	0	9	0	324
2954	1370	11	21	0	10	1	418
2955	322	11	21	0	11	0	322
2956	1368	11	21	0	12	1	416
2957	320	11	21	0	13	0	320
2958	319	11	21	0	14	0	319
2959	318	11	21	0	15	0	318
2960	1366	11	21	1	0	1	414
2961	1367	11	21	1	1	1	415
2962	321	11	21	1	2	0	321
2963	1369	11	21	1	3	1	417
2964	323	11	21	1	4	0	323
2965	1371	11	21	1	5	1	419
2966	325	11	21	1	6	0	325
2967	1373	11	21	1	7	1	421
2968	327	11	21	1	8	0	327
2969	1375	11	21	1	9	1	423
2970	329	11	21	1	10	0	329
2971	1377	11	21	1	11	1	425
2972	331	11	21	1	12	0	331
2973	1379	11	21	1	13	1	427
2974	1380	11	21	1	14	1	428
2975	1381	11	21	1	15	1	429
2976	335	11	21	2	0	0	335
2977	1383	11	21	2	1	1	431
2978	337	11	21	2	2	0	337
2979	1385	11	21	2	3	1	433
2980	339	11	21	2	4	0	339
2981	1387	11	21	2	5	1	435
2982	341	11	21	2	6	0	341
2983	1389	11	21	2	7	1	437
2984	343	11	21	2	8	0	343
2985	1391	11	21	2	9	1	439
2986	345	11	21	2	10	0	345
2987	1393	11	21	2	11	1	441
2988	347	11	21	2	12	0	347
2989	1395	11	21	2	13	1	443
2990	349	11	21	2	14	0	349
2991	1397	11	21	2	15	1	445
2992	1396	11	21	3	0	1	444
2993	348	11	21	3	1	0	348
2994	1394	11	21	3	2	1	442
2995	346	11	21	3	3	0	346
2996	1392	11	21	3	4	1	440
2997	344	11	21	3	5	0	344
2998	1390	11	21	3	6	1	438
2999	342	11	21	3	7	0	342
3000	1388	11	21	3	8	1	436
3001	340	11	21	3	9	0	340
3002	1386	11	21	3	10	1	434
3003	338	11	21	3	11	0	338
3004	1384	11	21	3	12	1	432
3005	336	11	21	3	13	0	336
3006	1382	11	21	3	14	1	430
3007	334	11	21	3	15	0	334
3008	1412	11	21	4	0	1	460
3009	364	11	21	4	1	0	364
3010	1410	11	21	4	2	1	458
3011	362	11	21	4	3	0	362
3012	1408	11	21	4	4	1	456
3013	360	11	21	4	5	0	360
3014	1406	11	21	4	6	1	454
3015	358	11	21	4	7	0	358
3016	1404	11	21	4	8	1	452
3017	356	11	21	4	9	0	356
3018	1402	11	21	4	10	1	450
3019	354	11	21	4	11	0	354
3020	1400	11	21	4	12	1	448
3021	352	11	21	4	13	0	352
3022	1398	11	21	4	14	1	446
3023	350	11	21	4	15	0	350
3024	351	11	21	5	0	0	351
3025	1399	11	21	5	1	1	447
3026	353	11	21	5	2	0	353
3027	1401	11	21	5	3	1	449
3028	355	11	21	5	4	0	355
3029	1403	11	21	5	5	1	451
3030	357	11	21	5	6	0	357
3031	1405	11	21	5	7	1	453
3032	359	11	21	5	8	0	359
3033	1407	11	21	5	9	1	455
3034	361	11	21	5	10	0	361
3035	1409	11	21	5	11	1	457
3036	363	11	21	5	12	0	363
3037	1411	11	21	5	13	1	459
3038	365	11	21	5	14	0	365
3039	1413	11	21	5	15	1	461
3040	367	11	21	6	0	0	367
3041	1415	11	21	6	1	1	463
3042	369	11	21	6	2	0	369
3043	1417	11	21	6	3	1	465
3044	371	11	21	6	4	0	371
3045	1419	11	21	6	5	1	467
3046	373	11	21	6	6	0	373
3047	1421	11	21	6	7	1	469
3048	375	11	21	6	8	0	375
3049	1423	11	21	6	9	1	471
3050	377	11	21	6	10	0	377
3051	1425	11	21	6	11	1	473
3052	379	11	21	6	12	0	379
3053	1427	11	21	6	13	1	475
3054	2196	11	21	6	14	2	292
3055	2198	11	21	6	15	2	294
3056	2199	11	21	7	0	2	295
3057	2197	11	21	7	1	2	293
3058	1426	11	21	7	2	1	474
3059	378	11	21	7	3	0	378
3060	1424	11	21	7	4	1	472
3061	376	11	21	7	5	0	376
3062	1422	11	21	7	6	1	470
3063	374	11	21	7	7	0	374
3064	1420	11	21	7	8	1	468
3065	372	11	21	7	9	0	372
3066	1418	11	21	7	10	1	466
3067	370	11	21	7	11	0	370
3068	1416	11	21	7	12	1	464
3069	368	11	21	7	13	0	368
3070	1414	11	21	7	14	1	462
3071	366	11	21	7	15	0	366
