DAQch kelconn kelch AB crate slot slotch view viewch globalch
0	35	0	6	1	1	0	2	103	1127
1	35	1	6	1	1	1	2	102	1126
2	35	2	6	1	1	2	2	101	1125
3	35	3	6	1	1	3	2	100	1124
4	35	4	6	1	1	4	2	99	1123
5	35	5	6	1	1	5	2	98	1122
6	35	6	6	1	1	6	2	97	1121
7	35	7	6	1	1	7	2	96	1120
8	35	8	6	1	1	8	2	111	1135
9	35	9	6	1	1	9	2	110	1134
10	35	10	6	1	1	10	2	109	1133
11	35	11	6	1	1	11	2	108	1132
12	35	12	6	1	1	12	2	107	1131
13	35	13	6	1	1	13	2	106	1130
14	35	14	6	1	1	14	2	105	1129
15	35	15	6	1	1	15	2	104	1128
16	35	16	6	1	1	16	2	119	1143
17	35	17	6	1	1	17	2	118	1142
18	35	18	6	1	1	18	2	117	1141
19	35	19	6	1	1	19	2	116	1140
20	35	20	6	1	1	20	2	115	1139
21	35	21	6	1	1	21	2	114	1138
22	35	22	6	1	1	22	2	113	1137
23	35	23	6	1	1	23	2	112	1136
24	35	24	6	1	1	24	2	127	1151
25	35	25	6	1	1	25	2	126	1150
26	35	26	6	1	1	26	2	125	1149
27	35	27	6	1	1	27	2	124	1148
28	35	28	6	1	1	28	2	123	1147
29	35	29	6	1	1	29	2	122	1146
30	35	30	6	1	1	30	2	121	1145
31	35	31	6	1	1	31	2	120	1144
32	37	0	6	1	1	32	2	71	1095
33	37	1	6	1	1	33	2	70	1094
34	37	2	6	1	1	34	2	69	1093
35	37	3	6	1	1	35	2	68	1092
36	37	4	6	1	1	36	2	67	1091
37	37	5	6	1	1	37	2	66	1090
38	37	6	6	1	1	38	2	65	1089
39	37	7	6	1	1	39	2	64	1088
40	37	8	6	1	1	40	2	79	1103
41	37	9	6	1	1	41	2	78	1102
42	37	10	6	1	1	42	2	77	1101
43	37	11	6	1	1	43	2	76	1100
44	37	12	6	1	1	44	2	75	1099
45	37	13	6	1	1	45	2	74	1098
46	37	14	6	1	1	46	2	73	1097
47	37	15	6	1	1	47	2	72	1096
48	37	16	6	1	1	48	2	87	1111
49	37	17	6	1	1	49	2	86	1110
50	37	18	6	1	1	50	2	85	1109
51	37	19	6	1	1	51	2	84	1108
52	37	20	6	1	1	52	2	83	1107
53	37	21	6	1	1	53	2	82	1106
54	37	22	6	1	1	54	2	81	1105
55	37	23	6	1	1	55	2	80	1104
56	37	24	6	1	1	56	2	95	1119
57	37	25	6	1	1	57	2	94	1118
58	37	26	6	1	1	58	2	93	1117
59	37	27	6	1	1	59	2	92	1116
60	37	28	6	1	1	60	2	91	1115
61	37	29	6	1	1	61	2	90	1114
62	37	30	6	1	1	62	2	89	1113
63	37	31	6	1	1	63	2	88	1112
64	36	0	6	1	2	0	0	39	39
65	36	1	6	1	2	1	0	38	38
66	36	2	6	1	2	2	0	37	37
67	36	3	6	1	2	3	0	36	36
68	36	4	6	1	2	4	0	35	35
69	36	5	6	1	2	5	0	34	34
70	36	6	6	1	2	6	0	33	33
71	36	7	6	1	2	7	0	32	32
72	36	8	6	1	2	8	0	47	47
73	36	9	6	1	2	9	0	46	46
74	36	10	6	1	2	10	0	45	45
75	36	11	6	1	2	11	0	44	44
76	36	12	6	1	2	12	0	43	43
77	36	13	6	1	2	13	0	42	42
78	36	14	6	1	2	14	0	41	41
79	36	15	6	1	2	15	0	40	40
80	36	16	6	1	2	16	0	55	55
81	36	17	6	1	2	17	0	54	54
82	36	18	6	1	2	18	0	53	53
83	36	19	6	1	2	19	0	52	52
84	36	20	6	1	2	20	0	51	51
85	36	21	6	1	2	21	0	50	50
86	36	22	6	1	2	22	0	49	49
87	36	23	6	1	2	23	0	48	48
88	36	24	6	1	2	24	0	63	63
89	36	25	6	1	2	25	0	62	62
90	36	26	6	1	2	26	0	61	61
91	36	27	6	1	2	27	0	60	60
92	36	28	6	1	2	28	0	59	59
93	36	29	6	1	2	29	0	58	58
94	36	30	6	1	2	30	0	57	57
95	36	31	6	1	2	31	0	56	56
96	39	0	6	1	2	32	0	7	7
97	39	1	6	1	2	33	0	6	6
98	39	2	6	1	2	34	0	5	5
99	39	3	6	1	2	35	0	4	4
100	39	4	6	1	2	36	0	3	3
101	39	5	6	1	2	37	0	2	2
102	39	6	6	1	2	38	0	1	1
103	39	7	6	1	2	39	0	0	0
104	39	8	6	1	2	40	0	15	15
105	39	9	6	1	2	41	0	14	14
106	39	10	6	1	2	42	0	13	13
107	39	11	6	1	2	43	0	12	12
108	39	12	6	1	2	44	0	11	11
109	39	13	6	1	2	45	0	10	10
110	39	14	6	1	2	46	0	9	9
111	39	15	6	1	2	47	0	8	8
112	39	16	6	1	2	48	0	23	23
113	39	17	6	1	2	49	0	22	22
114	39	18	6	1	2	50	0	21	21
115	39	19	6	1	2	51	0	20	20
116	39	20	6	1	2	52	0	19	19
117	39	21	6	1	2	53	0	18	18
118	39	22	6	1	2	54	0	17	17
119	39	23	6	1	2	55	0	16	16
120	39	24	6	1	2	56	0	31	31
121	39	25	6	1	2	57	0	30	30
122	39	26	6	1	2	58	0	29	29
123	39	27	6	1	2	59	0	28	28
124	39	28	6	1	2	60	0	27	27
125	39	29	6	1	2	61	0	26	26
126	39	30	6	1	2	62	0	25	25
127	39	31	6	1	2	63	0	24	24
128	38	0	6	1	3	0	2	39	1063
129	38	1	6	1	3	1	2	38	1062
130	38	2	6	1	3	2	2	37	1061
131	38	3	6	1	3	3	2	36	1060
132	38	4	6	1	3	4	2	35	1059
133	38	5	6	1	3	5	2	34	1058
134	38	6	6	1	3	6	2	33	1057
135	38	7	6	1	3	7	2	32	1056
136	38	8	6	1	3	8	2	47	1071
137	38	9	6	1	3	9	2	46	1070
138	38	10	6	1	3	10	2	45	1069
139	38	11	6	1	3	11	2	44	1068
140	38	12	6	1	3	12	2	43	1067
141	38	13	6	1	3	13	2	42	1066
142	38	14	6	1	3	14	2	41	1065
143	38	15	6	1	3	15	2	40	1064
144	38	16	6	1	3	16	2	55	1079
145	38	17	6	1	3	17	2	54	1078
146	38	18	6	1	3	18	2	53	1077
147	38	19	6	1	3	19	2	52	1076
148	38	20	6	1	3	20	2	51	1075
149	38	21	6	1	3	21	2	50	1074
150	38	22	6	1	3	22	2	49	1073
151	38	23	6	1	3	23	2	48	1072
152	38	24	6	1	3	24	2	63	1087
153	38	25	6	1	3	25	2	62	1086
154	38	26	6	1	3	26	2	61	1085
155	38	27	6	1	3	27	2	60	1084
156	38	28	6	1	3	28	2	59	1083
157	38	29	6	1	3	29	2	58	1082
158	38	30	6	1	3	30	2	57	1081
159	38	31	6	1	3	31	2	56	1080
160	40	0	6	1	3	32	2	7	1031
161	40	1	6	1	3	33	2	6	1030
162	40	2	6	1	3	34	2	5	1029
163	40	3	6	1	3	35	2	4	1028
164	40	4	6	1	3	36	2	3	1027
165	40	5	6	1	3	37	2	2	1026
166	40	6	6	1	3	38	2	1	1025
167	40	7	6	1	3	39	2	0	1024
168	40	8	6	1	3	40	2	15	1039
169	40	9	6	1	3	41	2	14	1038
170	40	10	6	1	3	42	2	13	1037
171	40	11	6	1	3	43	2	12	1036
172	40	12	6	1	3	44	2	11	1035
173	40	13	6	1	3	45	2	10	1034
174	40	14	6	1	3	46	2	9	1033
175	40	15	6	1	3	47	2	8	1032
176	40	16	6	1	3	48	2	23	1047
177	40	17	6	1	3	49	2	22	1046
178	40	18	6	1	3	50	2	21	1045
179	40	19	6	1	3	51	2	20	1044
180	40	20	6	1	3	52	2	19	1043
181	40	21	6	1	3	53	2	18	1042
182	40	22	6	1	3	54	2	17	1041
183	40	23	6	1	3	55	2	16	1040
184	40	24	6	1	3	56	2	31	1055
185	40	25	6	1	3	57	2	30	1054
186	40	26	6	1	3	58	2	29	1053
187	40	27	6	1	3	59	2	28	1052
188	40	28	6	1	3	60	2	27	1051
189	40	29	6	1	3	61	2	26	1050
190	40	30	6	1	3	62	2	25	1049
191	40	31	6	1	3	63	2	24	1048
192	41	0	7	1	4	0	1	24	408
193	41	1	7	1	4	1	1	25	409
194	41	2	7	1	4	2	1	26	410
195	41	3	7	1	4	3	1	27	411
196	41	4	7	1	4	4	1	28	412
197	41	5	7	1	4	5	1	29	413
198	41	6	7	1	4	6	1	30	414
199	41	7	7	1	4	7	1	31	415
200	41	8	7	1	4	8	1	16	400
201	41	9	7	1	4	9	1	17	401
202	41	10	7	1	4	10	1	18	402
203	41	11	7	1	4	11	1	19	403
204	41	12	7	1	4	12	1	20	404
205	41	13	7	1	4	13	1	21	405
206	41	14	7	1	4	14	1	22	406
207	41	15	7	1	4	15	1	23	407
208	41	16	7	1	4	16	1	8	392
209	41	17	7	1	4	17	1	9	393
210	41	18	7	1	4	18	1	10	394
211	41	19	7	1	4	19	1	11	395
212	41	20	7	1	4	20	1	12	396
213	41	21	7	1	4	21	1	13	397
214	41	22	7	1	4	22	1	14	398
215	41	23	7	1	4	23	1	15	399
216	41	24	7	1	4	24	1	0	384
217	41	25	7	1	4	25	1	1	385
218	41	26	7	1	4	26	1	2	386
219	41	27	7	1	4	27	1	3	387
220	41	28	7	1	4	28	1	4	388
221	41	29	7	1	4	29	1	5	389
222	41	30	7	1	4	30	1	6	390
223	41	31	7	1	4	31	1	7	391
224	42	0	7	1	4	32	1	56	440
225	42	1	7	1	4	33	1	57	441
226	42	2	7	1	4	34	1	58	442
227	42	3	7	1	4	35	1	59	443
228	42	4	7	1	4	36	1	60	444
229	42	5	7	1	4	37	1	61	445
230	42	6	7	1	4	38	1	62	446
231	42	7	7	1	4	39	1	63	447
232	42	8	7	1	4	40	1	48	432
233	42	9	7	1	4	41	1	49	433
234	42	10	7	1	4	42	1	50	434
235	42	11	7	1	4	43	1	51	435
236	42	12	7	1	4	44	1	52	436
237	42	13	7	1	4	45	1	53	437
238	42	14	7	1	4	46	1	54	438
239	42	15	7	1	4	47	1	55	439
240	42	16	7	1	4	48	1	40	424
241	42	17	7	1	4	49	1	41	425
242	42	18	7	1	4	50	1	42	426
243	42	19	7	1	4	51	1	43	427
244	42	20	7	1	4	52	1	44	428
245	42	21	7	1	4	53	1	45	429
246	42	22	7	1	4	54	1	46	430
247	42	23	7	1	4	55	1	47	431
248	42	24	7	1	4	56	1	32	416
249	42	25	7	1	4	57	1	33	417
250	42	26	7	1	4	58	1	34	418
251	42	27	7	1	4	59	1	35	419
252	42	28	7	1	4	60	1	36	420
253	42	29	7	1	4	61	1	37	421
254	42	30	7	1	4	62	1	38	422
255	42	31	7	1	4	63	1	39	423
256	43	0	7	1	5	0	1	88	472
257	43	1	7	1	5	1	1	89	473
258	43	2	7	1	5	2	1	90	474
259	43	3	7	1	5	3	1	91	475
260	43	4	7	1	5	4	1	92	476
261	43	5	7	1	5	5	1	93	477
262	43	6	7	1	5	6	1	94	478
263	43	7	7	1	5	7	1	95	479
264	43	8	7	1	5	8	1	80	464
265	43	9	7	1	5	9	1	81	465
266	43	10	7	1	5	10	1	82	466
267	43	11	7	1	5	11	1	83	467
268	43	12	7	1	5	12	1	84	468
269	43	13	7	1	5	13	1	85	469
270	43	14	7	1	5	14	1	86	470
271	43	15	7	1	5	15	1	87	471
272	43	16	7	1	5	16	1	72	456
273	43	17	7	1	5	17	1	73	457
274	43	18	7	1	5	18	1	74	458
275	43	19	7	1	5	19	1	75	459
276	43	20	7	1	5	20	1	76	460
277	43	21	7	1	5	21	1	77	461
278	43	22	7	1	5	22	1	78	462
279	43	23	7	1	5	23	1	79	463
280	43	24	7	1	5	24	1	64	448
281	43	25	7	1	5	25	1	65	449
282	43	26	7	1	5	26	1	66	450
283	43	27	7	1	5	27	1	67	451
284	43	28	7	1	5	28	1	68	452
285	43	29	7	1	5	29	1	69	453
286	43	30	7	1	5	30	1	70	454
287	43	31	7	1	5	31	1	71	455
288	44	0	7	1	5	32	1	120	504
289	44	1	7	1	5	33	1	121	505
290	44	2	7	1	5	34	1	122	506
291	44	3	7	1	5	35	1	123	507
292	44	4	7	1	5	36	1	124	508
293	44	5	7	1	5	37	1	125	509
294	44	6	7	1	5	38	1	126	510
295	44	7	7	1	5	39	1	127	511
296	44	8	7	1	5	40	1	112	496
297	44	9	7	1	5	41	1	113	497
298	44	10	7	1	5	42	1	114	498
299	44	11	7	1	5	43	1	115	499
300	44	12	7	1	5	44	1	116	500
301	44	13	7	1	5	45	1	117	501
302	44	14	7	1	5	46	1	118	502
303	44	15	7	1	5	47	1	119	503
304	44	16	7	1	5	48	1	104	488
305	44	17	7	1	5	49	1	105	489
306	44	18	7	1	5	50	1	106	490
307	44	19	7	1	5	51	1	107	491
308	44	20	7	1	5	52	1	108	492
309	44	21	7	1	5	53	1	109	493
310	44	22	7	1	5	54	1	110	494
311	44	23	7	1	5	55	1	111	495
312	44	24	7	1	5	56	1	96	480
313	44	25	7	1	5	57	1	97	481
314	44	26	7	1	5	58	1	98	482
315	44	27	7	1	5	59	1	99	483
316	44	28	7	1	5	60	1	100	484
317	44	29	7	1	5	61	1	101	485
318	44	30	7	1	5	62	1	102	486
319	44	31	7	1	5	63	1	103	487
320	45	0	7	1	6	0	1	152	536
321	45	1	7	1	6	1	1	153	537
322	45	2	7	1	6	2	1	154	538
323	45	3	7	1	6	3	1	155	539
324	45	4	7	1	6	4	1	156	540
325	45	5	7	1	6	5	1	157	541
326	45	6	7	1	6	6	1	158	542
327	45	7	7	1	6	7	1	159	543
328	45	8	7	1	6	8	1	144	528
329	45	9	7	1	6	9	1	145	529
330	45	10	7	1	6	10	1	146	530
331	45	11	7	1	6	11	1	147	531
332	45	12	7	1	6	12	1	148	532
333	45	13	7	1	6	13	1	149	533
334	45	14	7	1	6	14	1	150	534
335	45	15	7	1	6	15	1	151	535
336	45	16	7	1	6	16	1	136	520
337	45	17	7	1	6	17	1	137	521
338	45	18	7	1	6	18	1	138	522
339	45	19	7	1	6	19	1	139	523
340	45	20	7	1	6	20	1	140	524
341	45	21	7	1	6	21	1	141	525
342	45	22	7	1	6	22	1	142	526
343	45	23	7	1	6	23	1	143	527
344	45	24	7	1	6	24	1	128	512
345	45	25	7	1	6	25	1	129	513
346	45	26	7	1	6	26	1	130	514
347	45	27	7	1	6	27	1	131	515
348	45	28	7	1	6	28	1	132	516
349	45	29	7	1	6	29	1	133	517
350	45	30	7	1	6	30	1	134	518
351	45	31	7	1	6	31	1	135	519
352	46	0	8	1	6	32	1	184	568
353	46	1	8	1	6	33	1	185	569
354	46	2	8	1	6	34	1	186	570
355	46	3	8	1	6	35	1	187	571
356	46	4	8	1	6	36	1	188	572
357	46	5	8	1	6	37	1	189	573
358	46	6	8	1	6	38	1	190	574
359	46	7	8	1	6	39	1	191	575
360	46	8	8	1	6	40	1	176	560
361	46	9	8	1	6	41	1	177	561
362	46	10	8	1	6	42	1	178	562
363	46	11	8	1	6	43	1	179	563
364	46	12	8	1	6	44	1	180	564
365	46	13	8	1	6	45	1	181	565
366	46	14	8	1	6	46	1	182	566
367	46	15	8	1	6	47	1	183	567
368	46	16	8	1	6	48	1	168	552
369	46	17	8	1	6	49	1	169	553
370	46	18	8	1	6	50	1	170	554
371	46	19	8	1	6	51	1	171	555
372	46	20	8	1	6	52	1	172	556
373	46	21	8	1	6	53	1	173	557
374	46	22	8	1	6	54	1	174	558
375	46	23	8	1	6	55	1	175	559
376	46	24	8	1	6	56	1	160	544
377	46	25	8	1	6	57	1	161	545
378	46	26	8	1	6	58	1	162	546
379	46	27	8	1	6	59	1	163	547
380	46	28	8	1	6	60	1	164	548
381	46	29	8	1	6	61	1	165	549
382	46	30	8	1	6	62	1	166	550
383	46	31	8	1	6	63	1	167	551
384	47	0	8	1	7	0	1	216	600
385	47	1	8	1	7	1	1	217	601
386	47	2	8	1	7	2	1	218	602
387	47	3	8	1	7	3	1	219	603
388	47	4	8	1	7	4	1	220	604
389	47	5	8	1	7	5	1	221	605
390	47	6	8	1	7	6	1	222	606
391	47	7	8	1	7	7	1	223	607
392	47	8	8	1	7	8	1	208	592
393	47	9	8	1	7	9	1	209	593
394	47	10	8	1	7	10	1	210	594
395	47	11	8	1	7	11	1	211	595
396	47	12	8	1	7	12	1	212	596
397	47	13	8	1	7	13	1	213	597
398	47	14	8	1	7	14	1	214	598
399	47	15	8	1	7	15	1	215	599
400	47	16	8	1	7	16	1	200	584
401	47	17	8	1	7	17	1	201	585
402	47	18	8	1	7	18	1	202	586
403	47	19	8	1	7	19	1	203	587
404	47	20	8	1	7	20	1	204	588
405	47	21	8	1	7	21	1	205	589
406	47	22	8	1	7	22	1	206	590
407	47	23	8	1	7	23	1	207	591
408	47	24	8	1	7	24	1	192	576
409	47	25	8	1	7	25	1	193	577
410	47	26	8	1	7	26	1	194	578
411	47	27	8	1	7	27	1	195	579
412	47	28	8	1	7	28	1	196	580
413	47	29	8	1	7	29	1	197	581
414	47	30	8	1	7	30	1	198	582
415	47	31	8	1	7	31	1	199	583
416	48	0	8	1	7	32	1	248	632
417	48	1	8	1	7	33	1	249	633
418	48	2	8	1	7	34	1	250	634
419	48	3	8	1	7	35	1	251	635
420	48	4	8	1	7	36	1	252	636
421	48	5	8	1	7	37	1	253	637
422	48	6	8	1	7	38	1	254	638
423	48	7	8	1	7	39	1	255	639
424	48	8	8	1	7	40	1	240	624
425	48	9	8	1	7	41	1	241	625
426	48	10	8	1	7	42	1	242	626
427	48	11	8	1	7	43	1	243	627
428	48	12	8	1	7	44	1	244	628
429	48	13	8	1	7	45	1	245	629
430	48	14	8	1	7	46	1	246	630
431	48	15	8	1	7	47	1	247	631
432	48	16	8	1	7	48	1	232	616
433	48	17	8	1	7	49	1	233	617
434	48	18	8	1	7	50	1	234	618
435	48	19	8	1	7	51	1	235	619
436	48	20	8	1	7	52	1	236	620
437	48	21	8	1	7	53	1	237	621
438	48	22	8	1	7	54	1	238	622
439	48	23	8	1	7	55	1	239	623
440	48	24	8	1	7	56	1	224	608
441	48	25	8	1	7	57	1	225	609
442	48	26	8	1	7	58	1	226	610
443	48	27	8	1	7	59	1	227	611
444	48	28	8	1	7	60	1	228	612
445	48	29	8	1	7	61	1	229	613
446	48	30	8	1	7	62	1	230	614
447	48	31	8	1	7	63	1	231	615
448	49	0	8	1	8	0	1	280	664
449	49	1	8	1	8	1	1	281	665
450	49	2	8	1	8	2	1	282	666
451	49	3	8	1	8	3	1	283	667
452	49	4	8	1	8	4	1	284	668
453	49	5	8	1	8	5	1	285	669
454	49	6	8	1	8	6	1	286	670
455	49	7	8	1	8	7	1	287	671
456	49	8	8	1	8	8	1	272	656
457	49	9	8	1	8	9	1	273	657
458	49	10	8	1	8	10	1	274	658
459	49	11	8	1	8	11	1	275	659
460	49	12	8	1	8	12	1	276	660
461	49	13	8	1	8	13	1	277	661
462	49	14	8	1	8	14	1	278	662
463	49	15	8	1	8	15	1	279	663
464	49	16	8	1	8	16	1	264	648
465	49	17	8	1	8	17	1	265	649
466	49	18	8	1	8	18	1	266	650
467	49	19	8	1	8	19	1	267	651
468	49	20	8	1	8	20	1	268	652
469	49	21	8	1	8	21	1	269	653
470	49	22	8	1	8	22	1	270	654
471	49	23	8	1	8	23	1	271	655
472	49	24	8	1	8	24	1	256	640
473	49	25	8	1	8	25	1	257	641
474	49	26	8	1	8	26	1	258	642
475	49	27	8	1	8	27	1	259	643
476	49	28	8	1	8	28	1	260	644
477	49	29	8	1	8	29	1	261	645
478	49	30	8	1	8	30	1	262	646
479	49	31	8	1	8	31	1	263	647
480	50	0	8	1	8	32	1	312	696
481	50	1	8	1	8	33	1	313	697
482	50	2	8	1	8	34	1	314	698
483	50	3	8	1	8	35	1	315	699
484	50	4	8	1	8	36	1	316	700
485	50	5	8	1	8	37	1	317	701
486	50	6	8	1	8	38	1	318	702
487	50	7	8	1	8	39	1	319	703
488	50	8	8	1	8	40	1	304	688
489	50	9	8	1	8	41	1	305	689
490	50	10	8	1	8	42	1	306	690
491	50	11	8	1	8	43	1	307	691
492	50	12	8	1	8	44	1	308	692
493	50	13	8	1	8	45	1	309	693
494	50	14	8	1	8	46	1	310	694
495	50	15	8	1	8	47	1	311	695
496	50	16	8	1	8	48	1	296	680
497	50	17	8	1	8	49	1	297	681
498	50	18	8	1	8	50	1	298	682
499	50	19	8	1	8	51	1	299	683
500	50	20	8	1	8	52	1	300	684
501	50	21	8	1	8	53	1	301	685
502	50	22	8	1	8	54	1	302	686
503	50	23	8	1	8	55	1	303	687
504	50	24	8	1	8	56	1	288	672
505	50	25	8	1	8	57	1	289	673
506	50	26	8	1	8	58	1	290	674
507	50	27	8	1	8	59	1	291	675
508	50	28	8	1	8	60	1	292	676
509	50	29	8	1	8	61	1	293	677
510	50	30	8	1	8	62	1	294	678
511	50	31	8	1	8	63	1	295	679
512	-1	-1	-1	1	-1	-1	-1	-1	-1
513	-1	-1	-1	1	-1	-1	-1	-1	-1
514	-1	-1	-1	1	-1	-1	-1	-1	-1
515	-1	-1	-1	1	-1	-1	-1	-1	-1
516	-1	-1	-1	1	-1	-1	-1	-1	-1
517	-1	-1	-1	1	-1	-1	-1	-1	-1
518	-1	-1	-1	1	-1	-1	-1	-1	-1
519	-1	-1	-1	1	-1	-1	-1	-1	-1
520	-1	-1	-1	1	-1	-1	-1	-1	-1
521	-1	-1	-1	1	-1	-1	-1	-1	-1
522	-1	-1	-1	1	-1	-1	-1	-1	-1
523	-1	-1	-1	1	-1	-1	-1	-1	-1
524	-1	-1	-1	1	-1	-1	-1	-1	-1
525	-1	-1	-1	1	-1	-1	-1	-1	-1
526	-1	-1	-1	1	-1	-1	-1	-1	-1
527	-1	-1	-1	1	-1	-1	-1	-1	-1
528	-1	-1	-1	1	-1	-1	-1	-1	-1
529	-1	-1	-1	1	-1	-1	-1	-1	-1
530	-1	-1	-1	1	-1	-1	-1	-1	-1
531	-1	-1	-1	1	-1	-1	-1	-1	-1
532	-1	-1	-1	1	-1	-1	-1	-1	-1
533	-1	-1	-1	1	-1	-1	-1	-1	-1
534	-1	-1	-1	1	-1	-1	-1	-1	-1
535	-1	-1	-1	1	-1	-1	-1	-1	-1
536	-1	-1	-1	1	-1	-1	-1	-1	-1
537	-1	-1	-1	1	-1	-1	-1	-1	-1
538	-1	-1	-1	1	-1	-1	-1	-1	-1
539	-1	-1	-1	1	-1	-1	-1	-1	-1
540	-1	-1	-1	1	-1	-1	-1	-1	-1
541	-1	-1	-1	1	-1	-1	-1	-1	-1
542	-1	-1	-1	1	-1	-1	-1	-1	-1
543	-1	-1	-1	1	-1	-1	-1	-1	-1
544	-1	-1	-1	1	-1	-1	-1	-1	-1
545	-1	-1	-1	1	-1	-1	-1	-1	-1
546	-1	-1	-1	1	-1	-1	-1	-1	-1
547	-1	-1	-1	1	-1	-1	-1	-1	-1
548	-1	-1	-1	1	-1	-1	-1	-1	-1
549	-1	-1	-1	1	-1	-1	-1	-1	-1
550	-1	-1	-1	1	-1	-1	-1	-1	-1
551	-1	-1	-1	1	-1	-1	-1	-1	-1
552	-1	-1	-1	1	-1	-1	-1	-1	-1
553	-1	-1	-1	1	-1	-1	-1	-1	-1
554	-1	-1	-1	1	-1	-1	-1	-1	-1
555	-1	-1	-1	1	-1	-1	-1	-1	-1
556	-1	-1	-1	1	-1	-1	-1	-1	-1
557	-1	-1	-1	1	-1	-1	-1	-1	-1
558	-1	-1	-1	1	-1	-1	-1	-1	-1
559	-1	-1	-1	1	-1	-1	-1	-1	-1
560	-1	-1	-1	1	-1	-1	-1	-1	-1
561	-1	-1	-1	1	-1	-1	-1	-1	-1
562	-1	-1	-1	1	-1	-1	-1	-1	-1
563	-1	-1	-1	1	-1	-1	-1	-1	-1
564	-1	-1	-1	1	-1	-1	-1	-1	-1
565	-1	-1	-1	1	-1	-1	-1	-1	-1
566	-1	-1	-1	1	-1	-1	-1	-1	-1
567	-1	-1	-1	1	-1	-1	-1	-1	-1
568	-1	-1	-1	1	-1	-1	-1	-1	-1
569	-1	-1	-1	1	-1	-1	-1	-1	-1
570	-1	-1	-1	1	-1	-1	-1	-1	-1
571	-1	-1	-1	1	-1	-1	-1	-1	-1
572	-1	-1	-1	1	-1	-1	-1	-1	-1
573	-1	-1	-1	1	-1	-1	-1	-1	-1
574	-1	-1	-1	1	-1	-1	-1	-1	-1
575	-1	-1	-1	1	-1	-1	-1	-1	-1
576	-1	-1	-1	1	-1	-1	-1	-1	-1
577	-1	-1	-1	1	-1	-1	-1	-1	-1
578	-1	-1	-1	1	-1	-1	-1	-1	-1
579	-1	-1	-1	1	-1	-1	-1	-1	-1
580	-1	-1	-1	1	-1	-1	-1	-1	-1
581	-1	-1	-1	1	-1	-1	-1	-1	-1
582	-1	-1	-1	1	-1	-1	-1	-1	-1
583	-1	-1	-1	1	-1	-1	-1	-1	-1
584	-1	-1	-1	1	-1	-1	-1	-1	-1
585	-1	-1	-1	1	-1	-1	-1	-1	-1
586	-1	-1	-1	1	-1	-1	-1	-1	-1
587	-1	-1	-1	1	-1	-1	-1	-1	-1
588	-1	-1	-1	1	-1	-1	-1	-1	-1
589	-1	-1	-1	1	-1	-1	-1	-1	-1
590	-1	-1	-1	1	-1	-1	-1	-1	-1
591	-1	-1	-1	1	-1	-1	-1	-1	-1
592	-1	-1	-1	1	-1	-1	-1	-1	-1
593	-1	-1	-1	1	-1	-1	-1	-1	-1
594	-1	-1	-1	1	-1	-1	-1	-1	-1
595	-1	-1	-1	1	-1	-1	-1	-1	-1
596	-1	-1	-1	1	-1	-1	-1	-1	-1
597	-1	-1	-1	1	-1	-1	-1	-1	-1
598	-1	-1	-1	1	-1	-1	-1	-1	-1
599	-1	-1	-1	1	-1	-1	-1	-1	-1
600	-1	-1	-1	1	-1	-1	-1	-1	-1
601	-1	-1	-1	1	-1	-1	-1	-1	-1
602	-1	-1	-1	1	-1	-1	-1	-1	-1
603	-1	-1	-1	1	-1	-1	-1	-1	-1
604	-1	-1	-1	1	-1	-1	-1	-1	-1
605	-1	-1	-1	1	-1	-1	-1	-1	-1
606	-1	-1	-1	1	-1	-1	-1	-1	-1
607	-1	-1	-1	1	-1	-1	-1	-1	-1
608	-1	-1	-1	1	-1	-1	-1	-1	-1
609	-1	-1	-1	1	-1	-1	-1	-1	-1
610	-1	-1	-1	1	-1	-1	-1	-1	-1
611	-1	-1	-1	1	-1	-1	-1	-1	-1
612	-1	-1	-1	1	-1	-1	-1	-1	-1
613	-1	-1	-1	1	-1	-1	-1	-1	-1
614	-1	-1	-1	1	-1	-1	-1	-1	-1
615	-1	-1	-1	1	-1	-1	-1	-1	-1
616	-1	-1	-1	1	-1	-1	-1	-1	-1
617	-1	-1	-1	1	-1	-1	-1	-1	-1
618	-1	-1	-1	1	-1	-1	-1	-1	-1
619	-1	-1	-1	1	-1	-1	-1	-1	-1
620	-1	-1	-1	1	-1	-1	-1	-1	-1
621	-1	-1	-1	1	-1	-1	-1	-1	-1
622	-1	-1	-1	1	-1	-1	-1	-1	-1
623	-1	-1	-1	1	-1	-1	-1	-1	-1
624	-1	-1	-1	1	-1	-1	-1	-1	-1
625	-1	-1	-1	1	-1	-1	-1	-1	-1
626	-1	-1	-1	1	-1	-1	-1	-1	-1
627	-1	-1	-1	1	-1	-1	-1	-1	-1
628	-1	-1	-1	1	-1	-1	-1	-1	-1
629	-1	-1	-1	1	-1	-1	-1	-1	-1
630	-1	-1	-1	1	-1	-1	-1	-1	-1
631	-1	-1	-1	1	-1	-1	-1	-1	-1
632	-1	-1	-1	1	-1	-1	-1	-1	-1
633	-1	-1	-1	1	-1	-1	-1	-1	-1
634	-1	-1	-1	1	-1	-1	-1	-1	-1
635	-1	-1	-1	1	-1	-1	-1	-1	-1
636	-1	-1	-1	1	-1	-1	-1	-1	-1
637	-1	-1	-1	1	-1	-1	-1	-1	-1
638	-1	-1	-1	1	-1	-1	-1	-1	-1
639	-1	-1	-1	1	-1	-1	-1	-1	-1
640	15	0	3	2	1	0	2	551	1575
641	15	1	3	2	1	1	2	550	1574
642	15	2	3	2	1	2	2	549	1573
643	15	3	3	2	1	3	2	548	1572
644	15	4	3	2	1	4	2	547	1571
645	15	5	3	2	1	5	2	546	1570
646	15	6	3	2	1	6	2	545	1569
647	15	7	3	2	1	7	2	544	1568
648	15	8	3	2	1	8	2	559	1583
649	15	9	3	2	1	9	2	558	1582
650	15	10	3	2	1	10	2	557	1581
651	15	11	3	2	1	11	2	556	1580
652	15	12	3	2	1	12	2	555	1579
653	15	13	3	2	1	13	2	554	1578
654	15	14	3	2	1	14	2	553	1577
655	15	15	3	2	1	15	2	552	1576
656	15	16	3	2	1	16	2	567	1591
657	15	17	3	2	1	17	2	566	1590
658	15	18	3	2	1	18	2	565	1589
659	15	19	3	2	1	19	2	564	1588
660	15	20	3	2	1	20	2	563	1587
661	15	21	3	2	1	21	2	562	1586
662	15	22	3	2	1	22	2	561	1585
663	15	23	3	2	1	23	2	560	1584
664	15	24	3	2	1	24	2	575	1599
665	15	25	3	2	1	25	2	574	1598
666	15	26	3	2	1	26	2	573	1597
667	15	27	3	2	1	27	2	572	1596
668	15	28	3	2	1	28	2	571	1595
669	15	29	3	2	1	29	2	570	1594
670	15	30	3	2	1	30	2	569	1593
671	15	31	3	2	1	31	2	568	1592
672	17	0	3	2	1	32	2	519	1543
673	17	1	3	2	1	33	2	518	1542
674	17	2	3	2	1	34	2	517	1541
675	17	3	3	2	1	35	2	516	1540
676	17	4	3	2	1	36	2	515	1539
677	17	5	3	2	1	37	2	514	1538
678	17	6	3	2	1	38	2	513	1537
679	17	7	3	2	1	39	2	512	1536
680	17	8	3	2	1	40	2	527	1551
681	17	9	3	2	1	41	2	526	1550
682	17	10	3	2	1	42	2	525	1549
683	17	11	3	2	1	43	2	524	1548
684	17	12	3	2	1	44	2	523	1547
685	17	13	3	2	1	45	2	522	1546
686	17	14	3	2	1	46	2	521	1545
687	17	15	3	2	1	47	2	520	1544
688	17	16	3	2	1	48	2	535	1559
689	17	17	3	2	1	49	2	534	1558
690	17	18	3	2	1	50	2	533	1557
691	17	19	3	2	1	51	2	532	1556
692	17	20	3	2	1	52	2	531	1555
693	17	21	3	2	1	53	2	530	1554
694	17	22	3	2	1	54	2	529	1553
695	17	23	3	2	1	55	2	528	1552
696	17	24	3	2	1	56	2	543	1567
697	17	25	3	2	1	57	2	542	1566
698	17	26	3	2	1	58	2	541	1565
699	17	27	3	2	1	59	2	540	1564
700	17	28	3	2	1	60	2	539	1563
701	17	29	3	2	1	61	2	538	1562
702	17	30	3	2	1	62	2	537	1561
703	17	31	3	2	1	63	2	536	1560
704	16	0	3	2	2	0	0	231	231
705	16	1	3	2	2	1	0	230	230
706	16	2	3	2	2	2	0	229	229
707	16	3	3	2	2	3	0	228	228
708	16	4	3	2	2	4	0	227	227
709	16	5	3	2	2	5	0	226	226
710	16	6	3	2	2	6	0	225	225
711	16	7	3	2	2	7	0	224	224
712	16	8	3	2	2	8	0	239	239
713	16	9	3	2	2	9	0	238	238
714	16	10	3	2	2	10	0	237	237
715	16	11	3	2	2	11	0	236	236
716	16	12	3	2	2	12	0	235	235
717	16	13	3	2	2	13	0	234	234
718	16	14	3	2	2	14	0	233	233
719	16	15	3	2	2	15	0	232	232
720	16	16	3	2	2	16	0	247	247
721	16	17	3	2	2	17	0	246	246
722	16	18	3	2	2	18	0	245	245
723	16	19	3	2	2	19	0	244	244
724	16	20	3	2	2	20	0	243	243
725	16	21	3	2	2	21	0	242	242
726	16	22	3	2	2	22	0	241	241
727	16	23	3	2	2	23	0	240	240
728	16	24	3	2	2	24	0	255	255
729	16	25	3	2	2	25	0	254	254
730	16	26	3	2	2	26	0	253	253
731	16	27	3	2	2	27	0	252	252
732	16	28	3	2	2	28	0	251	251
733	16	29	3	2	2	29	0	250	250
734	16	30	3	2	2	30	0	249	249
735	16	31	3	2	2	31	0	248	248
736	19	0	3	2	2	32	0	199	199
737	19	1	3	2	2	33	0	198	198
738	19	2	3	2	2	34	0	197	197
739	19	3	3	2	2	35	0	196	196
740	19	4	3	2	2	36	0	195	195
741	19	5	3	2	2	37	0	194	194
742	19	6	3	2	2	38	0	193	193
743	19	7	3	2	2	39	0	192	192
744	19	8	3	2	2	40	0	207	207
745	19	9	3	2	2	41	0	206	206
746	19	10	3	2	2	42	0	205	205
747	19	11	3	2	2	43	0	204	204
748	19	12	3	2	2	44	0	203	203
749	19	13	3	2	2	45	0	202	202
750	19	14	3	2	2	46	0	201	201
751	19	15	3	2	2	47	0	200	200
752	19	16	3	2	2	48	0	215	215
753	19	17	3	2	2	49	0	214	214
754	19	18	3	2	2	50	0	213	213
755	19	19	3	2	2	51	0	212	212
756	19	20	3	2	2	52	0	211	211
757	19	21	3	2	2	53	0	210	210
758	19	22	3	2	2	54	0	209	209
759	19	23	3	2	2	55	0	208	208
760	19	24	3	2	2	56	0	223	223
761	19	25	3	2	2	57	0	222	222
762	19	26	3	2	2	58	0	221	221
763	19	27	3	2	2	59	0	220	220
764	19	28	3	2	2	60	0	219	219
765	19	29	3	2	2	61	0	218	218
766	19	30	3	2	2	62	0	217	217
767	19	31	3	2	2	63	0	216	216
768	18	0	3	2	3	0	2	487	1511
769	18	1	3	2	3	1	2	486	1510
770	18	2	3	2	3	2	2	485	1509
771	18	3	3	2	3	3	2	484	1508
772	18	4	3	2	3	4	2	483	1507
773	18	5	3	2	3	5	2	482	1506
774	18	6	3	2	3	6	2	481	1505
775	18	7	3	2	3	7	2	480	1504
776	18	8	3	2	3	8	2	495	1519
777	18	9	3	2	3	9	2	494	1518
778	18	10	3	2	3	10	2	493	1517
779	18	11	3	2	3	11	2	492	1516
780	18	12	3	2	3	12	2	491	1515
781	18	13	3	2	3	13	2	490	1514
782	18	14	3	2	3	14	2	489	1513
783	18	15	3	2	3	15	2	488	1512
784	18	16	3	2	3	16	2	503	1527
785	18	17	3	2	3	17	2	502	1526
786	18	18	3	2	3	18	2	501	1525
787	18	19	3	2	3	19	2	500	1524
788	18	20	3	2	3	20	2	499	1523
789	18	21	3	2	3	21	2	498	1522
790	18	22	3	2	3	22	2	497	1521
791	18	23	3	2	3	23	2	496	1520
792	18	24	3	2	3	24	2	511	1535
793	18	25	3	2	3	25	2	510	1534
794	18	26	3	2	3	26	2	509	1533
795	18	27	3	2	3	27	2	508	1532
796	18	28	3	2	3	28	2	507	1531
797	18	29	3	2	3	29	2	506	1530
798	18	30	3	2	3	30	2	505	1529
799	18	31	3	2	3	31	2	504	1528
800	20	0	3	2	3	32	2	455	1479
801	20	1	3	2	3	33	2	454	1478
802	20	2	3	2	3	34	2	453	1477
803	20	3	3	2	3	35	2	452	1476
804	20	4	3	2	3	36	2	451	1475
805	20	5	3	2	3	37	2	450	1474
806	20	6	3	2	3	38	2	449	1473
807	20	7	3	2	3	39	2	448	1472
808	20	8	3	2	3	40	2	463	1487
809	20	9	3	2	3	41	2	462	1486
810	20	10	3	2	3	42	2	461	1485
811	20	11	3	2	3	43	2	460	1484
812	20	12	3	2	3	44	2	459	1483
813	20	13	3	2	3	45	2	458	1482
814	20	14	3	2	3	46	2	457	1481
815	20	15	3	2	3	47	2	456	1480
816	20	16	3	2	3	48	2	471	1495
817	20	17	3	2	3	49	2	470	1494
818	20	18	3	2	3	50	2	469	1493
819	20	19	3	2	3	51	2	468	1492
820	20	20	3	2	3	52	2	467	1491
821	20	21	3	2	3	53	2	466	1490
822	20	22	3	2	3	54	2	465	1489
823	20	23	3	2	3	55	2	464	1488
824	20	24	3	2	3	56	2	479	1503
825	20	25	3	2	3	57	2	478	1502
826	20	26	3	2	3	58	2	477	1501
827	20	27	3	2	3	59	2	476	1500
828	20	28	3	2	3	60	2	475	1499
829	20	29	3	2	3	61	2	474	1498
830	20	30	3	2	3	62	2	473	1497
831	20	31	3	2	3	63	2	472	1496
832	21	0	4	2	4	0	2	423	1447
833	21	1	4	2	4	1	2	422	1446
834	21	2	4	2	4	2	2	421	1445
835	21	3	4	2	4	3	2	420	1444
836	21	4	4	2	4	4	2	419	1443
837	21	5	4	2	4	5	2	418	1442
838	21	6	4	2	4	6	2	417	1441
839	21	7	4	2	4	7	2	416	1440
840	21	8	4	2	4	8	2	431	1455
841	21	9	4	2	4	9	2	430	1454
842	21	10	4	2	4	10	2	429	1453
843	21	11	4	2	4	11	2	428	1452
844	21	12	4	2	4	12	2	427	1451
845	21	13	4	2	4	13	2	426	1450
846	21	14	4	2	4	14	2	425	1449
847	21	15	4	2	4	15	2	424	1448
848	21	16	4	2	4	16	2	439	1463
849	21	17	4	2	4	17	2	438	1462
850	21	18	4	2	4	18	2	437	1461
851	21	19	4	2	4	19	2	436	1460
852	21	20	4	2	4	20	2	435	1459
853	21	21	4	2	4	21	2	434	1458
854	21	22	4	2	4	22	2	433	1457
855	21	23	4	2	4	23	2	432	1456
856	21	24	4	2	4	24	2	447	1471
857	21	25	4	2	4	25	2	446	1470
858	21	26	4	2	4	26	2	445	1469
859	21	27	4	2	4	27	2	444	1468
860	21	28	4	2	4	28	2	443	1467
861	21	29	4	2	4	29	2	442	1466
862	21	30	4	2	4	30	2	441	1465
863	21	31	4	2	4	31	2	440	1464
864	23	0	4	2	4	32	2	391	1415
865	23	1	4	2	4	33	2	390	1414
866	23	2	4	2	4	34	2	389	1413
867	23	3	4	2	4	35	2	388	1412
868	23	4	4	2	4	36	2	387	1411
869	23	5	4	2	4	37	2	386	1410
870	23	6	4	2	4	38	2	385	1409
871	23	7	4	2	4	39	2	384	1408
872	23	8	4	2	4	40	2	399	1423
873	23	9	4	2	4	41	2	398	1422
874	23	10	4	2	4	42	2	397	1421
875	23	11	4	2	4	43	2	396	1420
876	23	12	4	2	4	44	2	395	1419
877	23	13	4	2	4	45	2	394	1418
878	23	14	4	2	4	46	2	393	1417
879	23	15	4	2	4	47	2	392	1416
880	23	16	4	2	4	48	2	407	1431
881	23	17	4	2	4	49	2	406	1430
882	23	18	4	2	4	50	2	405	1429
883	23	19	4	2	4	51	2	404	1428
884	23	20	4	2	4	52	2	403	1427
885	23	21	4	2	4	53	2	402	1426
886	23	22	4	2	4	54	2	401	1425
887	23	23	4	2	4	55	2	400	1424
888	23	24	4	2	4	56	2	415	1439
889	23	25	4	2	4	57	2	414	1438
890	23	26	4	2	4	58	2	413	1437
891	23	27	4	2	4	59	2	412	1436
892	23	28	4	2	4	60	2	411	1435
893	23	29	4	2	4	61	2	410	1434
894	23	30	4	2	4	62	2	409	1433
895	23	31	4	2	4	63	2	408	1432
896	22	0	4	2	5	0	0	167	167
897	22	1	4	2	5	1	0	166	166
898	22	2	4	2	5	2	0	165	165
899	22	3	4	2	5	3	0	164	164
900	22	4	4	2	5	4	0	163	163
901	22	5	4	2	5	5	0	162	162
902	22	6	4	2	5	6	0	161	161
903	22	7	4	2	5	7	0	160	160
904	22	8	4	2	5	8	0	175	175
905	22	9	4	2	5	9	0	174	174
906	22	10	4	2	5	10	0	173	173
907	22	11	4	2	5	11	0	172	172
908	22	12	4	2	5	12	0	171	171
909	22	13	4	2	5	13	0	170	170
910	22	14	4	2	5	14	0	169	169
911	22	15	4	2	5	15	0	168	168
912	22	16	4	2	5	16	0	183	183
913	22	17	4	2	5	17	0	182	182
914	22	18	4	2	5	18	0	181	181
915	22	19	4	2	5	19	0	180	180
916	22	20	4	2	5	20	0	179	179
917	22	21	4	2	5	21	0	178	178
918	22	22	4	2	5	22	0	177	177
919	22	23	4	2	5	23	0	176	176
920	22	24	4	2	5	24	0	191	191
921	22	25	4	2	5	25	0	190	190
922	22	26	4	2	5	26	0	189	189
923	22	27	4	2	5	27	0	188	188
924	22	28	4	2	5	28	0	187	187
925	22	29	4	2	5	29	0	186	186
926	22	30	4	2	5	30	0	185	185
927	22	31	4	2	5	31	0	184	184
928	26	0	4	2	5	32	0	135	135
929	26	1	4	2	5	33	0	134	134
930	26	2	4	2	5	34	0	133	133
931	26	3	4	2	5	35	0	132	132
932	26	4	4	2	5	36	0	131	131
933	26	5	4	2	5	37	0	130	130
934	26	6	4	2	5	38	0	129	129
935	26	7	4	2	5	39	0	128	128
936	26	8	4	2	5	40	0	143	143
937	26	9	4	2	5	41	0	142	142
938	26	10	4	2	5	42	0	141	141
939	26	11	4	2	5	43	0	140	140
940	26	12	4	2	5	44	0	139	139
941	26	13	4	2	5	45	0	138	138
942	26	14	4	2	5	46	0	137	137
943	26	15	4	2	5	47	0	136	136
944	26	16	4	2	5	48	0	151	151
945	26	17	4	2	5	49	0	150	150
946	26	18	4	2	5	50	0	149	149
947	26	19	4	2	5	51	0	148	148
948	26	20	4	2	5	52	0	147	147
949	26	21	4	2	5	53	0	146	146
950	26	22	4	2	5	54	0	145	145
951	26	23	4	2	5	55	0	144	144
952	26	24	4	2	5	56	0	159	159
953	26	25	4	2	5	57	0	158	158
954	26	26	4	2	5	58	0	157	157
955	26	27	4	2	5	59	0	156	156
956	26	28	4	2	5	60	0	155	155
957	26	29	4	2	5	61	0	154	154
958	26	30	4	2	5	62	0	153	153
959	26	31	4	2	5	63	0	152	152
960	24	0	4	2	6	0	2	359	1383
961	24	1	4	2	6	1	2	358	1382
962	24	2	4	2	6	2	2	357	1381
963	24	3	4	2	6	3	2	356	1380
964	24	4	4	2	6	4	2	355	1379
965	24	5	4	2	6	5	2	354	1378
966	24	6	4	2	6	6	2	353	1377
967	24	7	4	2	6	7	2	352	1376
968	24	8	4	2	6	8	2	367	1391
969	24	9	4	2	6	9	2	366	1390
970	24	10	4	2	6	10	2	365	1389
971	24	11	4	2	6	11	2	364	1388
972	24	12	4	2	6	12	2	363	1387
973	24	13	4	2	6	13	2	362	1386
974	24	14	4	2	6	14	2	361	1385
975	24	15	4	2	6	15	2	360	1384
976	24	16	4	2	6	16	2	375	1399
977	24	17	4	2	6	17	2	374	1398
978	24	18	4	2	6	18	2	373	1397
979	24	19	4	2	6	19	2	372	1396
980	24	20	4	2	6	20	2	371	1395
981	24	21	4	2	6	21	2	370	1394
982	24	22	4	2	6	22	2	369	1393
983	24	23	4	2	6	23	2	368	1392
984	24	24	4	2	6	24	2	383	1407
985	24	25	4	2	6	25	2	382	1406
986	24	26	4	2	6	26	2	381	1405
987	24	27	4	2	6	27	2	380	1404
988	24	28	4	2	6	28	2	379	1403
989	24	29	4	2	6	29	2	378	1402
990	24	30	4	2	6	30	2	377	1401
991	24	31	4	2	6	31	2	376	1400
992	25	0	4	2	6	32	2	327	1351
993	25	1	4	2	6	33	2	326	1350
994	25	2	4	2	6	34	2	325	1349
995	25	3	4	2	6	35	2	324	1348
996	25	4	4	2	6	36	2	323	1347
997	25	5	4	2	6	37	2	322	1346
998	25	6	4	2	6	38	2	321	1345
999	25	7	4	2	6	39	2	320	1344
1000	25	8	4	2	6	40	2	335	1359
1001	25	9	4	2	6	41	2	334	1358
1002	25	10	4	2	6	42	2	333	1357
1003	25	11	4	2	6	43	2	332	1356
1004	25	12	4	2	6	44	2	331	1355
1005	25	13	4	2	6	45	2	330	1354
1006	25	14	4	2	6	46	2	329	1353
1007	25	15	4	2	6	47	2	328	1352
1008	25	16	4	2	6	48	2	343	1367
1009	25	17	4	2	6	49	2	342	1366
1010	25	18	4	2	6	50	2	341	1365
1011	25	19	4	2	6	51	2	340	1364
1012	25	20	4	2	6	52	2	339	1363
1013	25	21	4	2	6	53	2	338	1362
1014	25	22	4	2	6	54	2	337	1361
1015	25	23	4	2	6	55	2	336	1360
1016	25	24	4	2	6	56	2	351	1375
1017	25	25	4	2	6	57	2	350	1374
1018	25	26	4	2	6	58	2	349	1373
1019	25	27	4	2	6	59	2	348	1372
1020	25	28	4	2	6	60	2	347	1371
1021	25	29	4	2	6	61	2	346	1370
1022	25	30	4	2	6	62	2	345	1369
1023	25	31	4	2	6	63	2	344	1368
1024	27	0	4	2	7	0	2	295	1319
1025	27	1	4	2	7	1	2	294	1318
1026	27	2	4	2	7	2	2	293	1317
1027	27	3	4	2	7	3	2	292	1316
1028	27	4	4	2	7	4	2	291	1315
1029	27	5	4	2	7	5	2	290	1314
1030	27	6	4	2	7	6	2	289	1313
1031	27	7	4	2	7	7	2	288	1312
1032	27	8	4	2	7	8	2	303	1327
1033	27	9	4	2	7	9	2	302	1326
1034	27	10	4	2	7	10	2	301	1325
1035	27	11	4	2	7	11	2	300	1324
1036	27	12	4	2	7	12	2	299	1323
1037	27	13	4	2	7	13	2	298	1322
1038	27	14	4	2	7	14	2	297	1321
1039	27	15	4	2	7	15	2	296	1320
1040	27	16	4	2	7	16	2	311	1335
1041	27	17	4	2	7	17	2	310	1334
1042	27	18	4	2	7	18	2	309	1333
1043	27	19	4	2	7	19	2	308	1332
1044	27	20	4	2	7	20	2	307	1331
1045	27	21	4	2	7	21	2	306	1330
1046	27	22	4	2	7	22	2	305	1329
1047	27	23	4	2	7	23	2	304	1328
1048	27	24	4	2	7	24	2	319	1343
1049	27	25	4	2	7	25	2	318	1342
1050	27	26	4	2	7	26	2	317	1341
1051	27	27	4	2	7	27	2	316	1340
1052	27	28	4	2	7	28	2	315	1339
1053	27	29	4	2	7	29	2	314	1338
1054	27	30	4	2	7	30	2	313	1337
1055	27	31	4	2	7	31	2	312	1336
1056	28	0	5	2	7	32	2	263	1287
1057	28	1	5	2	7	33	2	262	1286
1058	28	2	5	2	7	34	2	261	1285
1059	28	3	5	2	7	35	2	260	1284
1060	28	4	5	2	7	36	2	259	1283
1061	28	5	5	2	7	37	2	258	1282
1062	28	6	5	2	7	38	2	257	1281
1063	28	7	5	2	7	39	2	256	1280
1064	28	8	5	2	7	40	2	271	1295
1065	28	9	5	2	7	41	2	270	1294
1066	28	10	5	2	7	42	2	269	1293
1067	28	11	5	2	7	43	2	268	1292
1068	28	12	5	2	7	44	2	267	1291
1069	28	13	5	2	7	45	2	266	1290
1070	28	14	5	2	7	46	2	265	1289
1071	28	15	5	2	7	47	2	264	1288
1072	28	16	5	2	7	48	2	279	1303
1073	28	17	5	2	7	49	2	278	1302
1074	28	18	5	2	7	50	2	277	1301
1075	28	19	5	2	7	51	2	276	1300
1076	28	20	5	2	7	52	2	275	1299
1077	28	21	5	2	7	53	2	274	1298
1078	28	22	5	2	7	54	2	273	1297
1079	28	23	5	2	7	55	2	272	1296
1080	28	24	5	2	7	56	2	287	1311
1081	28	25	5	2	7	57	2	286	1310
1082	28	26	5	2	7	58	2	285	1309
1083	28	27	5	2	7	59	2	284	1308
1084	28	28	5	2	7	60	2	283	1307
1085	28	29	5	2	7	61	2	282	1306
1086	28	30	5	2	7	62	2	281	1305
1087	28	31	5	2	7	63	2	280	1304
1088	29	0	5	2	8	0	0	103	103
1089	29	1	5	2	8	1	0	102	102
1090	29	2	5	2	8	2	0	101	101
1091	29	3	5	2	8	3	0	100	100
1092	29	4	5	2	8	4	0	99	99
1093	29	5	5	2	8	5	0	98	98
1094	29	6	5	2	8	6	0	97	97
1095	29	7	5	2	8	7	0	96	96
1096	29	8	5	2	8	8	0	111	111
1097	29	9	5	2	8	9	0	110	110
1098	29	10	5	2	8	10	0	109	109
1099	29	11	5	2	8	11	0	108	108
1100	29	12	5	2	8	12	0	107	107
1101	29	13	5	2	8	13	0	106	106
1102	29	14	5	2	8	14	0	105	105
1103	29	15	5	2	8	15	0	104	104
1104	29	16	5	2	8	16	0	119	119
1105	29	17	5	2	8	17	0	118	118
1106	29	18	5	2	8	18	0	117	117
1107	29	19	5	2	8	19	0	116	116
1108	29	20	5	2	8	20	0	115	115
1109	29	21	5	2	8	21	0	114	114
1110	29	22	5	2	8	22	0	113	113
1111	29	23	5	2	8	23	0	112	112
1112	29	24	5	2	8	24	0	127	127
1113	29	25	5	2	8	25	0	126	126
1114	29	26	5	2	8	26	0	125	125
1115	29	27	5	2	8	27	0	124	124
1116	29	28	5	2	8	28	0	123	123
1117	29	29	5	2	8	29	0	122	122
1118	29	30	5	2	8	30	0	121	121
1119	29	31	5	2	8	31	0	120	120
1120	33	0	5	2	8	32	0	71	71
1121	33	1	5	2	8	33	0	70	70
1122	33	2	5	2	8	34	0	69	69
1123	33	3	5	2	8	35	0	68	68
1124	33	4	5	2	8	36	0	67	67
1125	33	5	5	2	8	37	0	66	66
1126	33	6	5	2	8	38	0	65	65
1127	33	7	5	2	8	39	0	64	64
1128	33	8	5	2	8	40	0	79	79
1129	33	9	5	2	8	41	0	78	78
1130	33	10	5	2	8	42	0	77	77
1131	33	11	5	2	8	43	0	76	76
1132	33	12	5	2	8	44	0	75	75
1133	33	13	5	2	8	45	0	74	74
1134	33	14	5	2	8	46	0	73	73
1135	33	15	5	2	8	47	0	72	72
1136	33	16	5	2	8	48	0	87	87
1137	33	17	5	2	8	49	0	86	86
1138	33	18	5	2	8	50	0	85	85
1139	33	19	5	2	8	51	0	84	84
1140	33	20	5	2	8	52	0	83	83
1141	33	21	5	2	8	53	0	82	82
1142	33	22	5	2	8	54	0	81	81
1143	33	23	5	2	8	55	0	80	80
1144	33	24	5	2	8	56	0	95	95
1145	33	25	5	2	8	57	0	94	94
1146	33	26	5	2	8	58	0	93	93
1147	33	27	5	2	8	59	0	92	92
1148	33	28	5	2	8	60	0	91	91
1149	33	29	5	2	8	61	0	90	90
1150	33	30	5	2	8	62	0	89	89
1151	33	31	5	2	8	63	0	88	88
1152	30	0	5	2	9	0	2	231	1255
1153	30	1	5	2	9	1	2	230	1254
1154	30	2	5	2	9	2	2	229	1253
1155	30	3	5	2	9	3	2	228	1252
1156	30	4	5	2	9	4	2	227	1251
1157	30	5	5	2	9	5	2	226	1250
1158	30	6	5	2	9	6	2	225	1249
1159	30	7	5	2	9	7	2	224	1248
1160	30	8	5	2	9	8	2	239	1263
1161	30	9	5	2	9	9	2	238	1262
1162	30	10	5	2	9	10	2	237	1261
1163	30	11	5	2	9	11	2	236	1260
1164	30	12	5	2	9	12	2	235	1259
1165	30	13	5	2	9	13	2	234	1258
1166	30	14	5	2	9	14	2	233	1257
1167	30	15	5	2	9	15	2	232	1256
1168	30	16	5	2	9	16	2	247	1271
1169	30	17	5	2	9	17	2	246	1270
1170	30	18	5	2	9	18	2	245	1269
1171	30	19	5	2	9	19	2	244	1268
1172	30	20	5	2	9	20	2	243	1267
1173	30	21	5	2	9	21	2	242	1266
1174	30	22	5	2	9	22	2	241	1265
1175	30	23	5	2	9	23	2	240	1264
1176	30	24	5	2	9	24	2	255	1279
1177	30	25	5	2	9	25	2	254	1278
1178	30	26	5	2	9	26	2	253	1277
1179	30	27	5	2	9	27	2	252	1276
1180	30	28	5	2	9	28	2	251	1275
1181	30	29	5	2	9	29	2	250	1274
1182	30	30	5	2	9	30	2	249	1273
1183	30	31	5	2	9	31	2	248	1272
1184	31	0	5	2	9	32	2	199	1223
1185	31	1	5	2	9	33	2	198	1222
1186	31	2	5	2	9	34	2	197	1221
1187	31	3	5	2	9	35	2	196	1220
1188	31	4	5	2	9	36	2	195	1219
1189	31	5	5	2	9	37	2	194	1218
1190	31	6	5	2	9	38	2	193	1217
1191	31	7	5	2	9	39	2	192	1216
1192	31	8	5	2	9	40	2	207	1231
1193	31	9	5	2	9	41	2	206	1230
1194	31	10	5	2	9	42	2	205	1229
1195	31	11	5	2	9	43	2	204	1228
1196	31	12	5	2	9	44	2	203	1227
1197	31	13	5	2	9	45	2	202	1226
1198	31	14	5	2	9	46	2	201	1225
1199	31	15	5	2	9	47	2	200	1224
1200	31	16	5	2	9	48	2	215	1239
1201	31	17	5	2	9	49	2	214	1238
1202	31	18	5	2	9	50	2	213	1237
1203	31	19	5	2	9	51	2	212	1236
1204	31	20	5	2	9	52	2	211	1235
1205	31	21	5	2	9	53	2	210	1234
1206	31	22	5	2	9	54	2	209	1233
1207	31	23	5	2	9	55	2	208	1232
1208	31	24	5	2	9	56	2	223	1247
1209	31	25	5	2	9	57	2	222	1246
1210	31	26	5	2	9	58	2	221	1245
1211	31	27	5	2	9	59	2	220	1244
1212	31	28	5	2	9	60	2	219	1243
1213	31	29	5	2	9	61	2	218	1242
1214	31	30	5	2	9	62	2	217	1241
1215	31	31	5	2	9	63	2	216	1240
1216	32	0	5	2	10	0	2	167	1191
1217	32	1	5	2	10	1	2	166	1190
1218	32	2	5	2	10	2	2	165	1189
1219	32	3	5	2	10	3	2	164	1188
1220	32	4	5	2	10	4	2	163	1187
1221	32	5	5	2	10	5	2	162	1186
1222	32	6	5	2	10	6	2	161	1185
1223	32	7	5	2	10	7	2	160	1184
1224	32	8	5	2	10	8	2	175	1199
1225	32	9	5	2	10	9	2	174	1198
1226	32	10	5	2	10	10	2	173	1197
1227	32	11	5	2	10	11	2	172	1196
1228	32	12	5	2	10	12	2	171	1195
1229	32	13	5	2	10	13	2	170	1194
1230	32	14	5	2	10	14	2	169	1193
1231	32	15	5	2	10	15	2	168	1192
1232	32	16	5	2	10	16	2	183	1207
1233	32	17	5	2	10	17	2	182	1206
1234	32	18	5	2	10	18	2	181	1205
1235	32	19	5	2	10	19	2	180	1204
1236	32	20	5	2	10	20	2	179	1203
1237	32	21	5	2	10	21	2	178	1202
1238	32	22	5	2	10	22	2	177	1201
1239	32	23	5	2	10	23	2	176	1200
1240	32	24	5	2	10	24	2	191	1215
1241	32	25	5	2	10	25	2	190	1214
1242	32	26	5	2	10	26	2	189	1213
1243	32	27	5	2	10	27	2	188	1212
1244	32	28	5	2	10	28	2	187	1211
1245	32	29	5	2	10	29	2	186	1210
1246	32	30	5	2	10	30	2	185	1209
1247	32	31	5	2	10	31	2	184	1208
1248	34	0	5	2	10	32	2	135	1159
1249	34	1	5	2	10	33	2	134	1158
1250	34	2	5	2	10	34	2	133	1157
1251	34	3	5	2	10	35	2	132	1156
1252	34	4	5	2	10	36	2	131	1155
1253	34	5	5	2	10	37	2	130	1154
1254	34	6	5	2	10	38	2	129	1153
1255	34	7	5	2	10	39	2	128	1152
1256	34	8	5	2	10	40	2	143	1167
1257	34	9	5	2	10	41	2	142	1166
1258	34	10	5	2	10	42	2	141	1165
1259	34	11	5	2	10	43	2	140	1164
1260	34	12	5	2	10	44	2	139	1163
1261	34	13	5	2	10	45	2	138	1162
1262	34	14	5	2	10	46	2	137	1161
1263	34	15	5	2	10	47	2	136	1160
1264	34	16	5	2	10	48	2	151	1175
1265	34	17	5	2	10	49	2	150	1174
1266	34	18	5	2	10	50	2	149	1173
1267	34	19	5	2	10	51	2	148	1172
1268	34	20	5	2	10	52	2	147	1171
1269	34	21	5	2	10	53	2	146	1170
1270	34	22	5	2	10	54	2	145	1169
1271	34	23	5	2	10	55	2	144	1168
1272	34	24	5	2	10	56	2	159	1183
1273	34	25	5	2	10	57	2	158	1182
1274	34	26	5	2	10	58	2	157	1181
1275	34	27	5	2	10	59	2	156	1180
1276	34	28	5	2	10	60	2	155	1179
1277	34	29	5	2	10	61	2	154	1178
1278	34	30	5	2	10	62	2	153	1177
1279	34	31	5	2	10	63	2	152	1176
1280	1	0	1	3	1	0	1	615	999
1281	1	1	1	3	1	1	1	614	998
1282	1	2	1	3	1	2	1	613	997
1283	1	3	1	3	1	3	1	612	996
1284	1	4	1	3	1	4	1	611	995
1285	1	5	1	3	1	5	1	610	994
1286	1	6	1	3	1	6	1	609	993
1287	1	7	1	3	1	7	1	608	992
1288	1	8	1	3	1	8	1	623	1007
1289	1	9	1	3	1	9	1	622	1006
1290	1	10	1	3	1	10	1	621	1005
1291	1	11	1	3	1	11	1	620	1004
1292	1	12	1	3	1	12	1	619	1003
1293	1	13	1	3	1	13	1	618	1002
1294	1	14	1	3	1	14	1	617	1001
1295	1	15	1	3	1	15	1	616	1000
1296	1	16	1	3	1	16	1	631	1015
1297	1	17	1	3	1	17	1	630	1014
1298	1	18	1	3	1	18	1	629	1013
1299	1	19	1	3	1	19	1	628	1012
1300	1	20	1	3	1	20	1	627	1011
1301	1	21	1	3	1	21	1	626	1010
1302	1	22	1	3	1	22	1	625	1009
1303	1	23	1	3	1	23	1	624	1008
1304	1	24	1	3	1	24	1	639	1023
1305	1	25	1	3	1	25	1	638	1022
1306	1	26	1	3	1	26	1	637	1021
1307	1	27	1	3	1	27	1	636	1020
1308	1	28	1	3	1	28	1	635	1019
1309	1	29	1	3	1	29	1	634	1018
1310	1	30	1	3	1	30	1	633	1017
1311	1	31	1	3	1	31	1	632	1016
1312	3	0	1	3	1	32	1	583	967
1313	3	1	1	3	1	33	1	582	966
1314	3	2	1	3	1	34	1	581	965
1315	3	3	1	3	1	35	1	580	964
1316	3	4	1	3	1	36	1	579	963
1317	3	5	1	3	1	37	1	578	962
1318	3	6	1	3	1	38	1	577	961
1319	3	7	1	3	1	39	1	576	960
1320	3	8	1	3	1	40	1	591	975
1321	3	9	1	3	1	41	1	590	974
1322	3	10	1	3	1	42	1	589	973
1323	3	11	1	3	1	43	1	588	972
1324	3	12	1	3	1	44	1	587	971
1325	3	13	1	3	1	45	1	586	970
1326	3	14	1	3	1	46	1	585	969
1327	3	15	1	3	1	47	1	584	968
1328	3	16	1	3	1	48	1	599	983
1329	3	17	1	3	1	49	1	598	982
1330	3	18	1	3	1	50	1	597	981
1331	3	19	1	3	1	51	1	596	980
1332	3	20	1	3	1	52	1	595	979
1333	3	21	1	3	1	53	1	594	978
1334	3	22	1	3	1	54	1	593	977
1335	3	23	1	3	1	55	1	592	976
1336	3	24	1	3	1	56	1	607	991
1337	3	25	1	3	1	57	1	606	990
1338	3	26	1	3	1	58	1	605	989
1339	3	27	1	3	1	59	1	604	988
1340	3	28	1	3	1	60	1	603	987
1341	3	29	1	3	1	61	1	602	986
1342	3	30	1	3	1	62	1	601	985
1343	3	31	1	3	1	63	1	600	984
1344	2	0	1	3	2	0	0	359	359
1345	2	1	1	3	2	1	0	358	358
1346	2	2	1	3	2	2	0	357	357
1347	2	3	1	3	2	3	0	356	356
1348	2	4	1	3	2	4	0	355	355
1349	2	5	1	3	2	5	0	354	354
1350	2	6	1	3	2	6	0	353	353
1351	2	7	1	3	2	7	0	352	352
1352	2	8	1	3	2	8	0	367	367
1353	2	9	1	3	2	9	0	366	366
1354	2	10	1	3	2	10	0	365	365
1355	2	11	1	3	2	11	0	364	364
1356	2	12	1	3	2	12	0	363	363
1357	2	13	1	3	2	13	0	362	362
1358	2	14	1	3	2	14	0	361	361
1359	2	15	1	3	2	15	0	360	360
1360	2	16	1	3	2	16	0	375	375
1361	2	17	1	3	2	17	0	374	374
1362	2	18	1	3	2	18	0	373	373
1363	2	19	1	3	2	19	0	372	372
1364	2	20	1	3	2	20	0	371	371
1365	2	21	1	3	2	21	0	370	370
1366	2	22	1	3	2	22	0	369	369
1367	2	23	1	3	2	23	0	368	368
1368	2	24	1	3	2	24	0	383	383
1369	2	25	1	3	2	25	0	382	382
1370	2	26	1	3	2	26	0	381	381
1371	2	27	1	3	2	27	0	380	380
1372	2	28	1	3	2	28	0	379	379
1373	2	29	1	3	2	29	0	378	378
1374	2	30	1	3	2	30	0	377	377
1375	2	31	1	3	2	31	0	376	376
1376	6	0	1	3	2	32	0	327	327
1377	6	1	1	3	2	33	0	326	326
1378	6	2	1	3	2	34	0	325	325
1379	6	3	1	3	2	35	0	324	324
1380	6	4	1	3	2	36	0	323	323
1381	6	5	1	3	2	37	0	322	322
1382	6	6	1	3	2	38	0	321	321
1383	6	7	1	3	2	39	0	320	320
1384	6	8	1	3	2	40	0	335	335
1385	6	9	1	3	2	41	0	334	334
1386	6	10	1	3	2	42	0	333	333
1387	6	11	1	3	2	43	0	332	332
1388	6	12	1	3	2	44	0	331	331
1389	6	13	1	3	2	45	0	330	330
1390	6	14	1	3	2	46	0	329	329
1391	6	15	1	3	2	47	0	328	328
1392	6	16	1	3	2	48	0	343	343
1393	6	17	1	3	2	49	0	342	342
1394	6	18	1	3	2	50	0	341	341
1395	6	19	1	3	2	51	0	340	340
1396	6	20	1	3	2	52	0	339	339
1397	6	21	1	3	2	53	0	338	338
1398	6	22	1	3	2	54	0	337	337
1399	6	23	1	3	2	55	0	336	336
1400	6	24	1	3	2	56	0	351	351
1401	6	25	1	3	2	57	0	350	350
1402	6	26	1	3	2	58	0	349	349
1403	6	27	1	3	2	59	0	348	348
1404	6	28	1	3	2	60	0	347	347
1405	6	29	1	3	2	61	0	346	346
1406	6	30	1	3	2	62	0	345	345
1407	6	31	1	3	2	63	0	344	344
1408	4	0	1	3	3	0	1	551	935
1409	4	1	1	3	3	1	1	550	934
1410	4	2	1	3	3	2	1	549	933
1411	4	3	1	3	3	3	1	548	932
1412	4	4	1	3	3	4	1	547	931
1413	4	5	1	3	3	5	1	546	930
1414	4	6	1	3	3	6	1	545	929
1415	4	7	1	3	3	7	1	544	928
1416	4	8	1	3	3	8	1	559	943
1417	4	9	1	3	3	9	1	558	942
1418	4	10	1	3	3	10	1	557	941
1419	4	11	1	3	3	11	1	556	940
1420	4	12	1	3	3	12	1	555	939
1421	4	13	1	3	3	13	1	554	938
1422	4	14	1	3	3	14	1	553	937
1423	4	15	1	3	3	15	1	552	936
1424	4	16	1	3	3	16	1	567	951
1425	4	17	1	3	3	17	1	566	950
1426	4	18	1	3	3	18	1	565	949
1427	4	19	1	3	3	19	1	564	948
1428	4	20	1	3	3	20	1	563	947
1429	4	21	1	3	3	21	1	562	946
1430	4	22	1	3	3	22	1	561	945
1431	4	23	1	3	3	23	1	560	944
1432	4	24	1	3	3	24	1	575	959
1433	4	25	1	3	3	25	1	574	958
1434	4	26	1	3	3	26	1	573	957
1435	4	27	1	3	3	27	1	572	956
1436	4	28	1	3	3	28	1	571	955
1437	4	29	1	3	3	29	1	570	954
1438	4	30	1	3	3	30	1	569	953
1439	4	31	1	3	3	31	1	568	952
1440	5	0	1	3	3	32	1	519	903
1441	5	1	1	3	3	33	1	518	902
1442	5	2	1	3	3	34	1	517	901
1443	5	3	1	3	3	35	1	516	900
1444	5	4	1	3	3	36	1	515	899
1445	5	5	1	3	3	37	1	514	898
1446	5	6	1	3	3	38	1	513	897
1447	5	7	1	3	3	39	1	512	896
1448	5	8	1	3	3	40	1	527	911
1449	5	9	1	3	3	41	1	526	910
1450	5	10	1	3	3	42	1	525	909
1451	5	11	1	3	3	43	1	524	908
1452	5	12	1	3	3	44	1	523	907
1453	5	13	1	3	3	45	1	522	906
1454	5	14	1	3	3	46	1	521	905
1455	5	15	1	3	3	47	1	520	904
1456	5	16	1	3	3	48	1	535	919
1457	5	17	1	3	3	49	1	534	918
1458	5	18	1	3	3	50	1	533	917
1459	5	19	1	3	3	51	1	532	916
1460	5	20	1	3	3	52	1	531	915
1461	5	21	1	3	3	53	1	530	914
1462	5	22	1	3	3	54	1	529	913
1463	5	23	1	3	3	55	1	528	912
1464	5	24	1	3	3	56	1	543	927
1465	5	25	1	3	3	57	1	542	926
1466	5	26	1	3	3	58	1	541	925
1467	5	27	1	3	3	59	1	540	924
1468	5	28	1	3	3	60	1	539	923
1469	5	29	1	3	3	61	1	538	922
1470	5	30	1	3	3	62	1	537	921
1471	5	31	1	3	3	63	1	536	920
1472	7	0	1	3	4	0	1	487	871
1473	7	1	1	3	4	1	1	486	870
1474	7	2	1	3	4	2	1	485	869
1475	7	3	1	3	4	3	1	484	868
1476	7	4	1	3	4	4	1	483	867
1477	7	5	1	3	4	5	1	482	866
1478	7	6	1	3	4	6	1	481	865
1479	7	7	1	3	4	7	1	480	864
1480	7	8	1	3	4	8	1	495	879
1481	7	9	1	3	4	9	1	494	878
1482	7	10	1	3	4	10	1	493	877
1483	7	11	1	3	4	11	1	492	876
1484	7	12	1	3	4	12	1	491	875
1485	7	13	1	3	4	13	1	490	874
1486	7	14	1	3	4	14	1	489	873
1487	7	15	1	3	4	15	1	488	872
1488	7	16	1	3	4	16	1	503	887
1489	7	17	1	3	4	17	1	502	886
1490	7	18	1	3	4	18	1	501	885
1491	7	19	1	3	4	19	1	500	884
1492	7	20	1	3	4	20	1	499	883
1493	7	21	1	3	4	21	1	498	882
1494	7	22	1	3	4	22	1	497	881
1495	7	23	1	3	4	23	1	496	880
1496	7	24	1	3	4	24	1	511	895
1497	7	25	1	3	4	25	1	510	894
1498	7	26	1	3	4	26	1	509	893
1499	7	27	1	3	4	27	1	508	892
1500	7	28	1	3	4	28	1	507	891
1501	7	29	1	3	4	29	1	506	890
1502	7	30	1	3	4	30	1	505	889
1503	7	31	1	3	4	31	1	504	888
1504	8	0	2	3	4	32	1	455	839
1505	8	1	2	3	4	33	1	454	838
1506	8	2	2	3	4	34	1	453	837
1507	8	3	2	3	4	35	1	452	836
1508	8	4	2	3	4	36	1	451	835
1509	8	5	2	3	4	37	1	450	834
1510	8	6	2	3	4	38	1	449	833
1511	8	7	2	3	4	39	1	448	832
1512	8	8	2	3	4	40	1	463	847
1513	8	9	2	3	4	41	1	462	846
1514	8	10	2	3	4	42	1	461	845
1515	8	11	2	3	4	43	1	460	844
1516	8	12	2	3	4	44	1	459	843
1517	8	13	2	3	4	45	1	458	842
1518	8	14	2	3	4	46	1	457	841
1519	8	15	2	3	4	47	1	456	840
1520	8	16	2	3	4	48	1	471	855
1521	8	17	2	3	4	49	1	470	854
1522	8	18	2	3	4	50	1	469	853
1523	8	19	2	3	4	51	1	468	852
1524	8	20	2	3	4	52	1	467	851
1525	8	21	2	3	4	53	1	466	850
1526	8	22	2	3	4	54	1	465	849
1527	8	23	2	3	4	55	1	464	848
1528	8	24	2	3	4	56	1	479	863
1529	8	25	2	3	4	57	1	478	862
1530	8	26	2	3	4	58	1	477	861
1531	8	27	2	3	4	59	1	476	860
1532	8	28	2	3	4	60	1	475	859
1533	8	29	2	3	4	61	1	474	858
1534	8	30	2	3	4	62	1	473	857
1535	8	31	2	3	4	63	1	472	856
1536	9	0	2	3	5	0	0	295	295
1537	9	1	2	3	5	1	0	294	294
1538	9	2	2	3	5	2	0	293	293
1539	9	3	2	3	5	3	0	292	292
1540	9	4	2	3	5	4	0	291	291
1541	9	5	2	3	5	5	0	290	290
1542	9	6	2	3	5	6	0	289	289
1543	9	7	2	3	5	7	0	288	288
1544	9	8	2	3	5	8	0	303	303
1545	9	9	2	3	5	9	0	302	302
1546	9	10	2	3	5	10	0	301	301
1547	9	11	2	3	5	11	0	300	300
1548	9	12	2	3	5	12	0	299	299
1549	9	13	2	3	5	13	0	298	298
1550	9	14	2	3	5	14	0	297	297
1551	9	15	2	3	5	15	0	296	296
1552	9	16	2	3	5	16	0	311	311
1553	9	17	2	3	5	17	0	310	310
1554	9	18	2	3	5	18	0	309	309
1555	9	19	2	3	5	19	0	308	308
1556	9	20	2	3	5	20	0	307	307
1557	9	21	2	3	5	21	0	306	306
1558	9	22	2	3	5	22	0	305	305
1559	9	23	2	3	5	23	0	304	304
1560	9	24	2	3	5	24	0	319	319
1561	9	25	2	3	5	25	0	318	318
1562	9	26	2	3	5	26	0	317	317
1563	9	27	2	3	5	27	0	316	316
1564	9	28	2	3	5	28	0	315	315
1565	9	29	2	3	5	29	0	314	314
1566	9	30	2	3	5	30	0	313	313
1567	9	31	2	3	5	31	0	312	312
1568	13	0	2	3	5	32	0	263	263
1569	13	1	2	3	5	33	0	262	262
1570	13	2	2	3	5	34	0	261	261
1571	13	3	2	3	5	35	0	260	260
1572	13	4	2	3	5	36	0	259	259
1573	13	5	2	3	5	37	0	258	258
1574	13	6	2	3	5	38	0	257	257
1575	13	7	2	3	5	39	0	256	256
1576	13	8	2	3	5	40	0	271	271
1577	13	9	2	3	5	41	0	270	270
1578	13	10	2	3	5	42	0	269	269
1579	13	11	2	3	5	43	0	268	268
1580	13	12	2	3	5	44	0	267	267
1581	13	13	2	3	5	45	0	266	266
1582	13	14	2	3	5	46	0	265	265
1583	13	15	2	3	5	47	0	264	264
1584	13	16	2	3	5	48	0	279	279
1585	13	17	2	3	5	49	0	278	278
1586	13	18	2	3	5	50	0	277	277
1587	13	19	2	3	5	51	0	276	276
1588	13	20	2	3	5	52	0	275	275
1589	13	21	2	3	5	53	0	274	274
1590	13	22	2	3	5	54	0	273	273
1591	13	23	2	3	5	55	0	272	272
1592	13	24	2	3	5	56	0	287	287
1593	13	25	2	3	5	57	0	286	286
1594	13	26	2	3	5	58	0	285	285
1595	13	27	2	3	5	59	0	284	284
1596	13	28	2	3	5	60	0	283	283
1597	13	29	2	3	5	61	0	282	282
1598	13	30	2	3	5	62	0	281	281
1599	13	31	2	3	5	63	0	280	280
1600	10	0	2	3	6	0	1	423	807
1601	10	1	2	3	6	1	1	422	806
1602	10	2	2	3	6	2	1	421	805
1603	10	3	2	3	6	3	1	420	804
1604	10	4	2	3	6	4	1	419	803
1605	10	5	2	3	6	5	1	418	802
1606	10	6	2	3	6	6	1	417	801
1607	10	7	2	3	6	7	1	416	800
1608	10	8	2	3	6	8	1	431	815
1609	10	9	2	3	6	9	1	430	814
1610	10	10	2	3	6	10	1	429	813
1611	10	11	2	3	6	11	1	428	812
1612	10	12	2	3	6	12	1	427	811
1613	10	13	2	3	6	13	1	426	810
1614	10	14	2	3	6	14	1	425	809
1615	10	15	2	3	6	15	1	424	808
1616	10	16	2	3	6	16	1	439	823
1617	10	17	2	3	6	17	1	438	822
1618	10	18	2	3	6	18	1	437	821
1619	10	19	2	3	6	19	1	436	820
1620	10	20	2	3	6	20	1	435	819
1621	10	21	2	3	6	21	1	434	818
1622	10	22	2	3	6	22	1	433	817
1623	10	23	2	3	6	23	1	432	816
1624	10	24	2	3	6	24	1	447	831
1625	10	25	2	3	6	25	1	446	830
1626	10	26	2	3	6	26	1	445	829
1627	10	27	2	3	6	27	1	444	828
1628	10	28	2	3	6	28	1	443	827
1629	10	29	2	3	6	29	1	442	826
1630	10	30	2	3	6	30	1	441	825
1631	10	31	2	3	6	31	1	440	824
1632	11	0	2	3	6	32	1	391	775
1633	11	1	2	3	6	33	1	390	774
1634	11	2	2	3	6	34	1	389	773
1635	11	3	2	3	6	35	1	388	772
1636	11	4	2	3	6	36	1	387	771
1637	11	5	2	3	6	37	1	386	770
1638	11	6	2	3	6	38	1	385	769
1639	11	7	2	3	6	39	1	384	768
1640	11	8	2	3	6	40	1	399	783
1641	11	9	2	3	6	41	1	398	782
1642	11	10	2	3	6	42	1	397	781
1643	11	11	2	3	6	43	1	396	780
1644	11	12	2	3	6	44	1	395	779
1645	11	13	2	3	6	45	1	394	778
1646	11	14	2	3	6	46	1	393	777
1647	11	15	2	3	6	47	1	392	776
1648	11	16	2	3	6	48	1	407	791
1649	11	17	2	3	6	49	1	406	790
1650	11	18	2	3	6	50	1	405	789
1651	11	19	2	3	6	51	1	404	788
1652	11	20	2	3	6	52	1	403	787
1653	11	21	2	3	6	53	1	402	786
1654	11	22	2	3	6	54	1	401	785
1655	11	23	2	3	6	55	1	400	784
1656	11	24	2	3	6	56	1	415	799
1657	11	25	2	3	6	57	1	414	798
1658	11	26	2	3	6	58	1	413	797
1659	11	27	2	3	6	59	1	412	796
1660	11	28	2	3	6	60	1	411	795
1661	11	29	2	3	6	61	1	410	794
1662	11	30	2	3	6	62	1	409	793
1663	11	31	2	3	6	63	1	408	792
1664	12	0	2	3	7	0	1	359	743
1665	12	1	2	3	7	1	1	358	742
1666	12	2	2	3	7	2	1	357	741
1667	12	3	2	3	7	3	1	356	740
1668	12	4	2	3	7	4	1	355	739
1669	12	5	2	3	7	5	1	354	738
1670	12	6	2	3	7	6	1	353	737
1671	12	7	2	3	7	7	1	352	736
1672	12	8	2	3	7	8	1	367	751
1673	12	9	2	3	7	9	1	366	750
1674	12	10	2	3	7	10	1	365	749
1675	12	11	2	3	7	11	1	364	748
1676	12	12	2	3	7	12	1	363	747
1677	12	13	2	3	7	13	1	362	746
1678	12	14	2	3	7	14	1	361	745
1679	12	15	2	3	7	15	1	360	744
1680	12	16	2	3	7	16	1	375	759
1681	12	17	2	3	7	17	1	374	758
1682	12	18	2	3	7	18	1	373	757
1683	12	19	2	3	7	19	1	372	756
1684	12	20	2	3	7	20	1	371	755
1685	12	21	2	3	7	21	1	370	754
1686	12	22	2	3	7	22	1	369	753
1687	12	23	2	3	7	23	1	368	752
1688	12	24	2	3	7	24	1	383	767
1689	12	25	2	3	7	25	1	382	766
1690	12	26	2	3	7	26	1	381	765
1691	12	27	2	3	7	27	1	380	764
1692	12	28	2	3	7	28	1	379	763
1693	12	29	2	3	7	29	1	378	762
1694	12	30	2	3	7	30	1	377	761
1695	12	31	2	3	7	31	1	376	760
1696	14	0	2	3	7	32	1	327	711
1697	14	1	2	3	7	33	1	326	710
1698	14	2	2	3	7	34	1	325	709
1699	14	3	2	3	7	35	1	324	708
1700	14	4	2	3	7	36	1	323	707
1701	14	5	2	3	7	37	1	322	706
1702	14	6	2	3	7	38	1	321	705
1703	14	7	2	3	7	39	1	320	704
1704	14	8	2	3	7	40	1	335	719
1705	14	9	2	3	7	41	1	334	718
1706	14	10	2	3	7	42	1	333	717
1707	14	11	2	3	7	43	1	332	716
1708	14	12	2	3	7	44	1	331	715
1709	14	13	2	3	7	45	1	330	714
1710	14	14	2	3	7	46	1	329	713
1711	14	15	2	3	7	47	1	328	712
1712	14	16	2	3	7	48	1	343	727
1713	14	17	2	3	7	49	1	342	726
1714	14	18	2	3	7	50	1	341	725
1715	14	19	2	3	7	51	1	340	724
1716	14	20	2	3	7	52	1	339	723
1717	14	21	2	3	7	53	1	338	722
1718	14	22	2	3	7	54	1	337	721
1719	14	23	2	3	7	55	1	336	720
1720	14	24	2	3	7	56	1	351	735
1721	14	25	2	3	7	57	1	350	734
1722	14	26	2	3	7	58	1	349	733
1723	14	27	2	3	7	59	1	348	732
1724	14	28	2	3	7	60	1	347	731
1725	14	29	2	3	7	61	1	346	730
1726	14	30	2	3	7	62	1	345	729
1727	14	31	2	3	7	63	1	344	728
1728	-1	-1	-1	3	-1	-1	-1	-1	-1
1729	-1	-1	-1	3	-1	-1	-1	-1	-1
1730	-1	-1	-1	3	-1	-1	-1	-1	-1
1731	-1	-1	-1	3	-1	-1	-1	-1	-1
1732	-1	-1	-1	3	-1	-1	-1	-1	-1
1733	-1	-1	-1	3	-1	-1	-1	-1	-1
1734	-1	-1	-1	3	-1	-1	-1	-1	-1
1735	-1	-1	-1	3	-1	-1	-1	-1	-1
1736	-1	-1	-1	3	-1	-1	-1	-1	-1
1737	-1	-1	-1	3	-1	-1	-1	-1	-1
1738	-1	-1	-1	3	-1	-1	-1	-1	-1
1739	-1	-1	-1	3	-1	-1	-1	-1	-1
1740	-1	-1	-1	3	-1	-1	-1	-1	-1
1741	-1	-1	-1	3	-1	-1	-1	-1	-1
1742	-1	-1	-1	3	-1	-1	-1	-1	-1
1743	-1	-1	-1	3	-1	-1	-1	-1	-1
1744	-1	-1	-1	3	-1	-1	-1	-1	-1
1745	-1	-1	-1	3	-1	-1	-1	-1	-1
1746	-1	-1	-1	3	-1	-1	-1	-1	-1
1747	-1	-1	-1	3	-1	-1	-1	-1	-1
1748	-1	-1	-1	3	-1	-1	-1	-1	-1
1749	-1	-1	-1	3	-1	-1	-1	-1	-1
1750	-1	-1	-1	3	-1	-1	-1	-1	-1
1751	-1	-1	-1	3	-1	-1	-1	-1	-1
1752	-1	-1	-1	3	-1	-1	-1	-1	-1
1753	-1	-1	-1	3	-1	-1	-1	-1	-1
1754	-1	-1	-1	3	-1	-1	-1	-1	-1
1755	-1	-1	-1	3	-1	-1	-1	-1	-1
1756	-1	-1	-1	3	-1	-1	-1	-1	-1
1757	-1	-1	-1	3	-1	-1	-1	-1	-1
1758	-1	-1	-1	3	-1	-1	-1	-1	-1
1759	-1	-1	-1	3	-1	-1	-1	-1	-1
1760	-1	-1	-1	3	-1	-1	-1	-1	-1
1761	-1	-1	-1	3	-1	-1	-1	-1	-1
1762	-1	-1	-1	3	-1	-1	-1	-1	-1
1763	-1	-1	-1	3	-1	-1	-1	-1	-1
1764	-1	-1	-1	3	-1	-1	-1	-1	-1
1765	-1	-1	-1	3	-1	-1	-1	-1	-1
1766	-1	-1	-1	3	-1	-1	-1	-1	-1
1767	-1	-1	-1	3	-1	-1	-1	-1	-1
1768	-1	-1	-1	3	-1	-1	-1	-1	-1
1769	-1	-1	-1	3	-1	-1	-1	-1	-1
1770	-1	-1	-1	3	-1	-1	-1	-1	-1
1771	-1	-1	-1	3	-1	-1	-1	-1	-1
1772	-1	-1	-1	3	-1	-1	-1	-1	-1
1773	-1	-1	-1	3	-1	-1	-1	-1	-1
1774	-1	-1	-1	3	-1	-1	-1	-1	-1
1775	-1	-1	-1	3	-1	-1	-1	-1	-1
1776	-1	-1	-1	3	-1	-1	-1	-1	-1
1777	-1	-1	-1	3	-1	-1	-1	-1	-1
1778	-1	-1	-1	3	-1	-1	-1	-1	-1
1779	-1	-1	-1	3	-1	-1	-1	-1	-1
1780	-1	-1	-1	3	-1	-1	-1	-1	-1
1781	-1	-1	-1	3	-1	-1	-1	-1	-1
1782	-1	-1	-1	3	-1	-1	-1	-1	-1
1783	-1	-1	-1	3	-1	-1	-1	-1	-1
1784	-1	-1	-1	3	-1	-1	-1	-1	-1
1785	-1	-1	-1	3	-1	-1	-1	-1	-1
1786	-1	-1	-1	3	-1	-1	-1	-1	-1
1787	-1	-1	-1	3	-1	-1	-1	-1	-1
1788	-1	-1	-1	3	-1	-1	-1	-1	-1
1789	-1	-1	-1	3	-1	-1	-1	-1	-1
1790	-1	-1	-1	3	-1	-1	-1	-1	-1
1791	-1	-1	-1	3	-1	-1	-1	-1	-1
1792	-1	-1	-1	3	-1	-1	-1	-1	-1
1793	-1	-1	-1	3	-1	-1	-1	-1	-1
1794	-1	-1	-1	3	-1	-1	-1	-1	-1
1795	-1	-1	-1	3	-1	-1	-1	-1	-1
1796	-1	-1	-1	3	-1	-1	-1	-1	-1
1797	-1	-1	-1	3	-1	-1	-1	-1	-1
1798	-1	-1	-1	3	-1	-1	-1	-1	-1
1799	-1	-1	-1	3	-1	-1	-1	-1	-1
1800	-1	-1	-1	3	-1	-1	-1	-1	-1
1801	-1	-1	-1	3	-1	-1	-1	-1	-1
1802	-1	-1	-1	3	-1	-1	-1	-1	-1
1803	-1	-1	-1	3	-1	-1	-1	-1	-1
1804	-1	-1	-1	3	-1	-1	-1	-1	-1
1805	-1	-1	-1	3	-1	-1	-1	-1	-1
1806	-1	-1	-1	3	-1	-1	-1	-1	-1
1807	-1	-1	-1	3	-1	-1	-1	-1	-1
1808	-1	-1	-1	3	-1	-1	-1	-1	-1
1809	-1	-1	-1	3	-1	-1	-1	-1	-1
1810	-1	-1	-1	3	-1	-1	-1	-1	-1
1811	-1	-1	-1	3	-1	-1	-1	-1	-1
1812	-1	-1	-1	3	-1	-1	-1	-1	-1
1813	-1	-1	-1	3	-1	-1	-1	-1	-1
1814	-1	-1	-1	3	-1	-1	-1	-1	-1
1815	-1	-1	-1	3	-1	-1	-1	-1	-1
1816	-1	-1	-1	3	-1	-1	-1	-1	-1
1817	-1	-1	-1	3	-1	-1	-1	-1	-1
1818	-1	-1	-1	3	-1	-1	-1	-1	-1
1819	-1	-1	-1	3	-1	-1	-1	-1	-1
1820	-1	-1	-1	3	-1	-1	-1	-1	-1
1821	-1	-1	-1	3	-1	-1	-1	-1	-1
1822	-1	-1	-1	3	-1	-1	-1	-1	-1
1823	-1	-1	-1	3	-1	-1	-1	-1	-1
1824	-1	-1	-1	3	-1	-1	-1	-1	-1
1825	-1	-1	-1	3	-1	-1	-1	-1	-1
1826	-1	-1	-1	3	-1	-1	-1	-1	-1
1827	-1	-1	-1	3	-1	-1	-1	-1	-1
1828	-1	-1	-1	3	-1	-1	-1	-1	-1
1829	-1	-1	-1	3	-1	-1	-1	-1	-1
1830	-1	-1	-1	3	-1	-1	-1	-1	-1
1831	-1	-1	-1	3	-1	-1	-1	-1	-1
1832	-1	-1	-1	3	-1	-1	-1	-1	-1
1833	-1	-1	-1	3	-1	-1	-1	-1	-1
1834	-1	-1	-1	3	-1	-1	-1	-1	-1
1835	-1	-1	-1	3	-1	-1	-1	-1	-1
1836	-1	-1	-1	3	-1	-1	-1	-1	-1
1837	-1	-1	-1	3	-1	-1	-1	-1	-1
1838	-1	-1	-1	3	-1	-1	-1	-1	-1
1839	-1	-1	-1	3	-1	-1	-1	-1	-1
1840	-1	-1	-1	3	-1	-1	-1	-1	-1
1841	-1	-1	-1	3	-1	-1	-1	-1	-1
1842	-1	-1	-1	3	-1	-1	-1	-1	-1
1843	-1	-1	-1	3	-1	-1	-1	-1	-1
1844	-1	-1	-1	3	-1	-1	-1	-1	-1
1845	-1	-1	-1	3	-1	-1	-1	-1	-1
1846	-1	-1	-1	3	-1	-1	-1	-1	-1
1847	-1	-1	-1	3	-1	-1	-1	-1	-1
1848	-1	-1	-1	3	-1	-1	-1	-1	-1
1849	-1	-1	-1	3	-1	-1	-1	-1	-1
1850	-1	-1	-1	3	-1	-1	-1	-1	-1
1851	-1	-1	-1	3	-1	-1	-1	-1	-1
1852	-1	-1	-1	3	-1	-1	-1	-1	-1
1853	-1	-1	-1	3	-1	-1	-1	-1	-1
1854	-1	-1	-1	3	-1	-1	-1	-1	-1
1855	-1	-1	-1	3	-1	-1	-1	-1	-1
1856	-1	-1	-1	3	-1	-1	-1	-1	-1
1857	-1	-1	-1	3	-1	-1	-1	-1	-1
1858	-1	-1	-1	3	-1	-1	-1	-1	-1
1859	-1	-1	-1	3	-1	-1	-1	-1	-1
1860	-1	-1	-1	3	-1	-1	-1	-1	-1
1861	-1	-1	-1	3	-1	-1	-1	-1	-1
1862	-1	-1	-1	3	-1	-1	-1	-1	-1
1863	-1	-1	-1	3	-1	-1	-1	-1	-1
1864	-1	-1	-1	3	-1	-1	-1	-1	-1
1865	-1	-1	-1	3	-1	-1	-1	-1	-1
1866	-1	-1	-1	3	-1	-1	-1	-1	-1
1867	-1	-1	-1	3	-1	-1	-1	-1	-1
1868	-1	-1	-1	3	-1	-1	-1	-1	-1
1869	-1	-1	-1	3	-1	-1	-1	-1	-1
1870	-1	-1	-1	3	-1	-1	-1	-1	-1
1871	-1	-1	-1	3	-1	-1	-1	-1	-1
1872	-1	-1	-1	3	-1	-1	-1	-1	-1
1873	-1	-1	-1	3	-1	-1	-1	-1	-1
1874	-1	-1	-1	3	-1	-1	-1	-1	-1
1875	-1	-1	-1	3	-1	-1	-1	-1	-1
1876	-1	-1	-1	3	-1	-1	-1	-1	-1
1877	-1	-1	-1	3	-1	-1	-1	-1	-1
1878	-1	-1	-1	3	-1	-1	-1	-1	-1
1879	-1	-1	-1	3	-1	-1	-1	-1	-1
1880	-1	-1	-1	3	-1	-1	-1	-1	-1
1881	-1	-1	-1	3	-1	-1	-1	-1	-1
1882	-1	-1	-1	3	-1	-1	-1	-1	-1
1883	-1	-1	-1	3	-1	-1	-1	-1	-1
1884	-1	-1	-1	3	-1	-1	-1	-1	-1
1885	-1	-1	-1	3	-1	-1	-1	-1	-1
1886	-1	-1	-1	3	-1	-1	-1	-1	-1
1887	-1	-1	-1	3	-1	-1	-1	-1	-1
1888	-1	-1	-1	3	-1	-1	-1	-1	-1
1889	-1	-1	-1	3	-1	-1	-1	-1	-1
1890	-1	-1	-1	3	-1	-1	-1	-1	-1
1891	-1	-1	-1	3	-1	-1	-1	-1	-1
1892	-1	-1	-1	3	-1	-1	-1	-1	-1
1893	-1	-1	-1	3	-1	-1	-1	-1	-1
1894	-1	-1	-1	3	-1	-1	-1	-1	-1
1895	-1	-1	-1	3	-1	-1	-1	-1	-1
1896	-1	-1	-1	3	-1	-1	-1	-1	-1
1897	-1	-1	-1	3	-1	-1	-1	-1	-1
1898	-1	-1	-1	3	-1	-1	-1	-1	-1
1899	-1	-1	-1	3	-1	-1	-1	-1	-1
1900	-1	-1	-1	3	-1	-1	-1	-1	-1
1901	-1	-1	-1	3	-1	-1	-1	-1	-1
1902	-1	-1	-1	3	-1	-1	-1	-1	-1
1903	-1	-1	-1	3	-1	-1	-1	-1	-1
1904	-1	-1	-1	3	-1	-1	-1	-1	-1
1905	-1	-1	-1	3	-1	-1	-1	-1	-1
1906	-1	-1	-1	3	-1	-1	-1	-1	-1
1907	-1	-1	-1	3	-1	-1	-1	-1	-1
1908	-1	-1	-1	3	-1	-1	-1	-1	-1
1909	-1	-1	-1	3	-1	-1	-1	-1	-1
1910	-1	-1	-1	3	-1	-1	-1	-1	-1
1911	-1	-1	-1	3	-1	-1	-1	-1	-1
1912	-1	-1	-1	3	-1	-1	-1	-1	-1
1913	-1	-1	-1	3	-1	-1	-1	-1	-1
1914	-1	-1	-1	3	-1	-1	-1	-1	-1
1915	-1	-1	-1	3	-1	-1	-1	-1	-1
1916	-1	-1	-1	3	-1	-1	-1	-1	-1
1917	-1	-1	-1	3	-1	-1	-1	-1	-1
1918	-1	-1	-1	3	-1	-1	-1	-1	-1
1919	-1	-1	-1	3	-1	-1	-1	-1	-1
